fowlpox518_jpg.rf.8075f9809b63bb9bce394eeadc3d0165.jpg 170,167,583,551,0
fowlpox612_jpg.rf.e180f2abcdf831a5afd8314ba5012a05.jpg 149,37,526,444,0
266_jpg.rf.18689b164db1998497bf5de7560e5bb4.jpg 97,77,421,333,0
fowlpox438_jpg.rf.8cc99ac77d295ac6eb49a2d5fc44bd4e.jpg 37,14,580,599,0
fowlpox114_jpg.rf.545261d557576af6686351a70214e955.jpg 121,247,437,640,0
fowlpox394_jpg.rf.8d5319622791c76e2fb3a4ab6ef19348.jpg 0,145,640,640,0
133_jpg.rf.563bb3fa668b95d96d98f82da060cfe4.jpg 352,111,477,240,0
fowlpox1127_jpg.rf.d104ba91a9dba444099a41a51cb25693.jpg 21,15,627,637,0
273_jpg.rf.4f562a97305fe362ff793be3ebc7341f.jpg 15,282,234,473,0
171_jpg.rf.d2b097795b395f3be462f9ab90ae3e61.jpg 257,11,488,129,0
78_jpg.rf.b8fd0ae91fbdde24bd8f144bbd2cb563.jpg 315,171,420,255,0
fowlpox1070_jpg.rf.8b268498de5a16aa802add4e2be846e9.jpg 0,0,637,637,0
fowlpox501_jpg.rf.ff773e8c63c8fd7d8af0d7d266e2cefb.jpg 1,366,583,640,0
fowlpox47_jpg.rf.39602f695fb403d598c667ccf6c8bdf0.jpg 243,232,419,640,0
fowlpox1330_jpg.rf.c54d7dd5674fedc3af7894eba54d11e1.jpg 206,174,634,640,0
213_jpg.rf.6f04b3254aadedd3ec7fa0b08f73bfc1.jpg 195,102,441,240,0
fowlpox286_jpg.rf.139e004be7f400ad702022d547413d3b.jpg 224,90,624,509,0
68_jpg.rf.73267c15d3086a472c3b96d29ab2b548.jpg 303,311,389,438,0
fowlpox-298_png.rf.df60deb6a3b612d6514b68b3be154c40.jpg 275,498,449,618,0 43,60,173,266,0 199,150,458,332,0
fowlpox20_jpg.rf.7b26b208a5992eb6d7d37955695128d7.jpg 92,0,362,163,0 0,294,191,430,0 346,198,459,313,0
fowlpox83_jpg.rf.aed44c7c76de086ac9da0bfbae237cb9.jpg 393,471,469,618,0
fowlpox370_jpg.rf.1bdad9dc1315bbe000dff9861d6079e5.jpg 63,0,640,516,0
fowlpox668_jpg.rf.868d8212e083e92fdd3c19604a658810.jpg 300,140,631,452,0
fowlpox488_jpg.rf.0bf3b297b97e5cc5ed188c225710d2a1.jpg 0,0,538,640,0
fowlpox584_jpg.rf.762e586d3bdab6102551c3946f9f0b8c.jpg 207,46,459,322,0
fowlpox49_jpg.rf.8d5d0a61e69a8f028bb3453e19a37748.jpg 0,0,639,639,0 196,161,510,417,0
fowlpox772_jpg.rf.757e77de52c8f40d4e48d9c3666da1ed.jpg 0,221,314,490,0
fowlpox908_jpg.rf.484664609347cc8dba1068f2ba5505ab.jpg 177,308,391,545,0
fowlpox460_jpg.rf.0bf0838e60776ca169db46501e4fd300.jpg 19,0,637,637,0
Screenshot-2025-07-05-160527_jpg.rf.def6546caa5082984c28ff2130f84e40.jpg 9,37,636,640,0
fowlpox312_jpg.rf.7df88b1d6eb7ed50d5a252d902cdf66f.jpg 0,0,637,637,0
fowlpox-6_jpg.rf.2d41c5af8266b47bf5f6178a84fdbc52.jpg 139,232,368,548,0
fowlpox354_jpg.rf.addad232b466e3e214a8e6cf807ef5c4.jpg 109,286,542,439,0
fowlpox783_jpg.rf.828603d186ec10af0aedae14410b8985.jpg 202,0,640,545,0
fowlpox642_jpg.rf.046bd2327eb18d2bec821de580644919.jpg 99,7,483,612,0
fowlpox842_jpg.rf.b1dc2f49a80c3ad2b4e7962bc5e0f20b.jpg 0,0,637,637,0
fowlpox632_jpg.rf.df1abee3911d9da4a3b5ccb2dadf3456.jpg 137,58,562,491,0
210_jpg.rf.32970fdba635d6f889b2624e6bc7d9f5.jpg 362,131,473,459,0
fowlpox625_jpg.rf.0835a2376754e151d55ea84e42f12e8a.jpg 0,0,637,637,0
fowlpox1092_jpg.rf.648f41f6e23245d2b6f78350c320622b.jpg 0,38,634,573,0
fowlpox393_jpg.rf.b522ccd58f1587db9748797f3a33fcd9.jpg 0,109,640,640,0
fowlpox246_jpg.rf.4034a24eda0ebc8d9e006cb1fd18b0a9.jpg 0,9,630,528,0
fowlpox123_jpg.rf.8a79af17151cefd634a04adfeb550033.jpg 295,507,462,640,0
fowlpox151_jpeg.rf.986e9efd8e7cbad35e3365d607b34573.jpg 225,100,370,234,0 405,128,530,217,0 175,454,308,593,0
fowlpox340_jpg.rf.22ff440356ac756ec8b848fca12aaadb.jpg 55,148,436,386,0
fowlpox454_jpg.rf.17f73e9900ec8a0cdcdd45ba7fcbf08e.jpg 309,73,534,305,0
fowlpox99_jpg.rf.11b42827c9b216228e4041ecff57433b.jpg 29,24,385,631,0
fowlpox461_jpg.rf.673f4fcdc7ea3ebf3ff1da49243e3dba.jpg 20,34,418,360,0 212,390,485,616,0
fowlpox-39_jpg.rf.a11a5e88e8206470fa838016493b660c.jpg 229,74,357,212,0
223_jpg.rf.92f5fd59afb4a6b5c9c6ef85b54b0712.jpg 310,34,554,545,0
253_jpg.rf.9bf459deee48e8be7fa89ae2112f0c47.jpg 122,442,271,570,0
172_jpg.rf.3a5b61a4956e92556a4db27faa61c649.jpg 290,1,453,171,0
fowlpox-220_png.rf.0ebd33e69b66d5fc419137c887b7471e.jpg 308,115,551,387,0
fowlpox456_jpg.rf.d12c63dcd6568d5e2608c3705c388fc8.jpg 13,131,637,637,0 133,129,410,377,0
238_jpg.rf.87e5771c5f473cdeca0a7fa733691157.jpg 90,277,453,493,0
fowlpox1258_jpg.rf.79639bedd4fd5c0eb563254f4545a0ea.jpg 27,112,419,391,0
fowlpox819_jpg.rf.2b90f9bc2a6d224f4553219d9dd2330a.jpg 0,0,448,272,0
fowlpox669_jpg.rf.260f442a573c0fb8a2a58e794dba6f60.jpg 162,131,639,448,0
fowlpox-111_png.rf.b451a8823c67ee082e3a6b5f384e7f2d.jpg 269,212,427,334,0
fowlpox457_jpg.rf.041ebad24f576b3f175d61f502395e38.jpg 25,32,625,600,0
144_jpg.rf.bb220f97613a19af97d122557cc2e378.jpg 137,4,311,101,0
fowlpox627_jpg.rf.a7f564ad12740f7eee17a5d6b73caa7e.jpg 358,120,640,615,0
fowlpox1185_jpg.rf.67efc345280204ee803fb16e9f2a46c6.jpg 0,0,637,637,0 85,224,399,534,0
fowlpox-14_jpg.rf.9e1381eb62b6071e7a69b6fc22640641.jpg 226,200,510,580,0
fowlpox-37_jpg.rf.a02d3f1c899f50ba1044cf1d653ea51a.jpg 249,235,364,359,0
fowlpox-218_png.rf.fca2eb8e33a3253c45174f2d23d3dff5.jpg 298,96,545,431,0
12_jpg.rf.a20f8cab36479a688c6ecf0393f6754f.jpg 252,79,409,186,0 407,207,518,462,0 197,254,370,390,0 147,462,418,583,0
fowlpox1179_jpg.rf.715165562e99e7a4a91dbb4dd53e41f6.jpg 0,78,640,640,0
fowlpox350_jpg.rf.5e767395b7228a767b54db4e99bbf1f5.jpg 51,192,637,637,0
fowlpox180_jpg.rf.f246c4bda9fce35a52a16c95c1c4b091.jpg 99,88,217,401,0
fowlpox511_jpg.rf.5c04179b9d24b8a6b97b456d64dcdd1d.jpg 0,0,598,637,0
fowlpox471_jpg.rf.6bd2a17bb1be29cb67f8dfc03741a2ef.jpg 115,87,640,455,0
fowlpox480_jpg.rf.1674f66f02be1f92d2e27d50fae47fb3.jpg 0,38,637,637,0
fowlpox613_jpg.rf.b59fffeade55d23602529528d68dc11c.jpg 84,46,603,620,0
13_jpg.rf.73f99fa150be3290c772108e674ce1eb.jpg 304,201,553,589,0
fowlpox554_jpg.rf.b04f25ae8bf8d16b2cc532f0e7302fb3.jpg 310,233,570,474,0
fowlpox1271_jpg.rf.239d11343f159163c5e6863bef279435.jpg 29,147,637,624,0
234_jpg.rf.af2807bbcd3f8db2f5f1a0eb1562c638.jpg 133,101,538,556,0
fowlpox14_jpg.rf.3b2c86f7f10646bf5ac67c16e99518d6.jpg 174,255,567,552,0
fowlpox247_jpg.rf.23d029d7b83b7e29872f2c81a2721fbe.jpg 0,35,634,595,0
fowlpox24_jpg.rf.a9b900b0af2cb7d598bde19c3c7008ba.jpg 139,79,296,273,0 125,377,347,501,0 325,183,401,264,0 355,508,391,553,0
fowlpox102_jpg.rf.a02072fe149f5f713831de9bdc76c9cc.jpg 142,36,511,598,0
fowlpox725_jpg.rf.640501006fc38fc624ca59c0d823c950.jpg 131,83,448,640,0
Screenshot-2025-07-05-160249_jpg.rf.a530c233376f51d91d7c299196ae2bd8.jpg 43,16,640,623,0
286_jpg.rf.9dc2517a0ae4f0fe92952f6af380048d.jpg 239,316,494,430,0
fowlpox753_jpg.rf.efa33ca2b07d4eb9b168c9383d9bd75d.jpg 22,0,640,563,0
fowlpox815_jpg.rf.7dce402f063fc93d89e1776b4e337ea2.jpg 38,0,582,578,0
fowlpox_jpeg.rf.c05883de8d47ed6327e0461cd8132a74.jpg 36,29,278,436,0
131_jpg.rf.5a77e3654f7c595db9e47f087822d6d0.jpg 245,0,640,456,0
fowlpox824_jpg.rf.6e71f290aef5552bba3dd29595ea98dc.jpg 0,0,637,637,0 270,138,637,514,0
fowlpox120_jpg.rf.4e78e6680a9d050b44b16dcd47bb8b49.jpg 0,0,640,196,0 0,186,268,550,0
fowlpox1362_jpg.rf.aa09944dddfab1f557d3817a660160ae.jpg 0,0,637,637,0
fowlpox453_jpg.rf.0a737d07fb111f35fce36e1d7601253c.jpg 264,78,538,288,0
358_jpg.rf.d0b66d1e712984f1e94faac0fcd58350.jpg 95,0,518,554,0
fowlpox-46_jpg.rf.ceb15e1bf48bfcde77d9e8ff3aa7ce40.jpg 192,211,320,415,0
37_jpg.rf.cb5ce66daa019018904c6323f5f61dea.jpg 267,227,357,379,0
fowlpox832_jpg.rf.643b042bb56fa0913829b8d22ed7f17e.jpg 0,0,640,640,0
fowlpox946_jpg.rf.e14a008f5711d58136a41d8c87a644cd.jpg 183,212,555,601,0
fowlpox1061_jpg.rf.34b20c3db978de269cf1847ccc3dfbd3.jpg 171,74,408,504,0
fowlpox327_jpg.rf.1c703df38debc804b3dbf656b0a2eeeb.jpg 118,0,635,522,0
fowlpox-295_png.rf.e7e1f102744cfd457f96e95130e0ddae.jpg 116,6,322,140,0
156_jpg.rf.999d387b5069d4ffa9829c89ce9a430f.jpg 80,77,597,501,0
fowlpox1134_jpg.rf.2b51ae6c59996da3592c387566c90ea5.jpg 97,11,640,568,0
191_jpg.rf.0c9b317259ff1bc8ef229f789003c39c.jpg 185,161,497,596,0
Screenshot-2025-07-05-160158_jpg.rf.e6a7037ea48d966f33837c8ec0fb1ee0.jpg 25,30,539,581,0
fowlpox436_jpg.rf.4355ac407ac2b54c5e009e6016862306.jpg 0,91,602,637,0
250_jpg.rf.554a7ce179fbd7e1a6def88552f85a44.jpg 134,164,565,568,0
fowlpox662_jpg.rf.e047202e07607a028f7cd70697e5734e.jpg 96,214,316,421,0
108_jpg.rf.0a738d5fb3d26411fa7d46723fa70547.jpg 127,159,617,467,0
fowlpox702_jpg.rf.e64228f519f62dea7678c55a9e7aaabb.jpg 185,0,627,637,0
fowlpox546_jpg.rf.6c8373b1780961dd49105bfb1d8ca89f.jpg 45,214,495,461,0
fowlpox125_jpg.rf.45f6ca3ef33c44e5df79746ebba51016.jpg 131,106,277,256,0
fowlpox19_jpg.rf.c1345df3552e20c5900dff96a0e4d23d.jpg 75,57,445,640,0
fowlpox1254_jpg.rf.2692b5ff932ddeca2a483b63527245e2.jpg 59,0,580,640,0
fowlpox1137_jpg.rf.13a28b5829c4af160651a96675072869.jpg 0,99,510,597,0
fowlpox71_jpg.rf.b3e00c4bd5d08784e324cb5bf2795ffd.jpg 226,33,561,524,0
fowlpox117_jpg.rf.2f5a7ef60a4e06920084be06ec8b0494.jpg 414,416,518,496,0 30,105,615,251,0 402,248,640,422,0
fowlpox890_jpg.rf.dcbb5eb2f10d4df8e096f750296448db.jpg 0,189,490,595,0
fowlpox-303_png.rf.67441b6a7403f5ba4377cfdb59077776.jpg 171,0,598,362,0 136,392,256,459,0
fowlpox475_jpg.rf.69231c1ea23eeb0b706ecd059c1e9eee.jpg 0,27,640,590,0
fowlpox944_jpg.rf.f36a4e4794595b5d8f8807925f6e793f.jpg 154,217,486,580,0
Screenshot-2025-07-05-155439_jpg.rf.cfabed088a8fc4103d885629d5f93f73.jpg 13,25,588,640,0
Screenshot-2025-07-05-161432_jpg.rf.c9798f0157a145f03b47e723dd04bbe9.jpg 13,0,640,610,0
fowlpox93_jpg.rf.d2db8378f076d15541dc41e7a78a4ad3.jpg 0,72,384,538,0
fowlpox768_jpg.rf.6145f79e417cc4a30682808a32c398fe.jpg 102,40,451,489,0
Screenshot-2025-07-05-160037_jpg.rf.29e715e194d527d226ebefd8ffff4df4.jpg 13,13,637,602,0
fowlpox227_jpg.rf.d49b70070e0e18c1598f05749e1dd1da.jpg 6,22,637,637,0
fowlpox648_jpg.rf.ff52a253e7a866e5d20129c9dc03dc43.jpg 0,3,637,637,0
fowlpox723_jpg.rf.0a9bbbbfa261dde1aeccc799df6c5edf.jpg 71,0,618,581,0
fowlpox79_jpeg.rf.8d50fc11d9945dc4fdb5a5db5ad5ae5e.jpg 182,89,612,635,0
fowlpox1173_jpg.rf.b482c58792f9be022811dd8be4a3ef01.jpg 55,208,423,570,0
Screenshot-2025-07-05-175506_jpg.rf.72274f5eb6085c49c8934a4831623dac.jpg 14,30,640,640,0
fowlpox645_jpg.rf.5d39f584645c031739bad7d961573aa1.jpg 110,7,521,368,0
fowlpox1232_jpg.rf.a3894251eb4b5cb48884cf1806e06d00.jpg 330,205,601,564,0
fowlpox1338_jpg.rf.3ef7973236ed8939c4cd4fc3e2cd7ac0.jpg 0,0,637,637,0 44,197,475,566,0
301_jpg.rf.420401d099694ac03bc7a9a1b4abc87c.jpg 147,287,477,372,0
Screenshot-2025-07-05-174417_jpg.rf.03aabdbe80e829867a85fc768d885fd1.jpg 74,8,640,638,0
fowlpox-36_jpg.rf.d4fd8dac8c4722e6b07b788ff25bb31d.jpg 206,55,401,191,0
148_jpg.rf.3418a4359c9721c65ec64ab2b0b3db3b.jpg 241,67,640,339,0
fowlpox932_jpg.rf.e70151414e36a672d4ae8bc58ff7dade.jpg 0,0,637,637,0
fowlpox118_jpg.rf.555001e4f3bf219c0d000f05fe39db4f.jpg 80,48,636,420,0 422,404,507,480,0
fowlpox716_jpg.rf.d585557f2ef27f16d3b200d0aa183101.jpg 0,0,637,637,0
fowlpox411_jpg.rf.d24bdf62b68b794d872c550ac6e48962.jpg 166,106,637,611,0
fowlpox261_jpg.rf.78675a9f5573b299123d77ab641f9cca.jpg 0,0,637,637,0
fowlpox288_jpg.rf.06469bcef7f6054a75a50c8f18abda05.jpg 13,71,611,631,0
fowlpox-279_png.rf.f6a36a61b0ec28e7dc0fa6780e55a311.jpg 185,67,574,253,0 265,523,507,640,0 545,328,631,428,0 298,325,381,400,0 575,557,617,573,0
229_jpg.rf.b2cbb278df1ecd6b353044c99d4df79f.jpg 240,61,533,393,0
fowlpox6_jpg.rf.9278401395fa9c141a4ae4a2eddbf441.jpg 223,114,517,575,0
fowlpox570_jpg.rf.b05318f36248b6563c70333efa0f79b1.jpg 22,3,640,624,0
228_jpg.rf.41eb545b3fca0b248873b0a3d228003c.jpg 117,30,426,381,0
112_jpg.rf.a21a134e50a7eafd93a200435ebfd070.jpg 153,6,327,118,0
341_jpg.rf.5bbb296c8e8bbe135dc3a209d08ce034.jpg 65,121,402,622,0
fowlpox1243_jpg.rf.a3c54ab73dc8e79536f0af8fe06e4190.jpg 6,0,640,640,0
fowlpox493_jpg.rf.c8290ccdaaed595adda1554732e87542.jpg 86,58,637,637,0
219_jpg.rf.81b9d4e1eac20ff38766991e4e4d0cb0.jpg 237,221,521,468,0
291_jpg.rf.cbbcd09050b2370cec792d8e1b77eec1.jpg 177,179,386,357,0
114_jpg.rf.75e553c042f9efa33dc789e258dc2b4d.jpg 17,81,491,283,0
fowlpox1227_jpg.rf.6606d315f092494045bd0ed6fae72e6f.jpg 20,95,520,613,0
fowlpox100_jpg.rf.aea9ae38e04a7485fce0eb37eb5cf6ae.jpg 40,17,389,634,0
fowlpox180_jpg.rf.9898d67b753a27f3d4facaad60623669.jpg 56,81,403,592,0
fowlpox403_jpg.rf.0726445b64eb8e65f89fd0e93d893f38.jpg 79,32,551,612,0
187_jpg.rf.701906187d0245c3807e5b09713ee088.jpg 90,54,357,384,0
fowlpox538_jpg.rf.7d1db46688b6fe6e78244b89687daef9.jpg 354,167,575,363,0
fowlpox1303_jpg.rf.a736fe72ca1fee7344635e626ead265c.jpg 111,0,448,640,0
92_jpg.rf.aad52a03192dd4e239001986bcaf2fc4.jpg 143,68,640,459,0
fowlpox530_jpg.rf.22d570be0e1bcd80f728c6d9171ce324.jpg 189,138,637,509,0
fowlpox-272_png.rf.787f12d686a347eb0b13faf73cf38128.jpg 74,237,406,387,0
157_jpg.rf.3261316f5b8d7fdc78e5cf6d791881ac.jpg 40,29,479,622,0
fowlpox-225_png.rf.b1b38332b9a8af497d6d8c2ce7e65f22.jpg 228,56,505,285,0 398,290,614,451,0
fowlpox1165_jpg.rf.614428c02c2f709b7be339f706ef3ebe.jpg 122,74,637,637,0
fowlpox1229_jpg.rf.ea0960e2fe6f13d3d64108baa6e823ac.jpg 0,19,637,637,0
fowlpox19_jpg.rf.5546160b4676a5b17e581726be6938c8.jpg 154,72,298,268,0 316,195,410,257,0 94,362,391,575,0
fowlpox880_jpg.rf.df16764c37562e667fc56362ef4f0ab8.jpg 305,88,480,311,0
fowlpox284_jpg.rf.987058abace50acc5a5ab037b2c8c3b5.jpg 194,90,623,520,0
fowlpox359_jpg.rf.4fd719ab4723dd72d395c53aa6b71784.jpg 0,0,637,637,0
106_jpg.rf.ccb2df73a8f80e38c758e28cf7463043.jpg 182,17,561,389,0
fowlpox7_jpg.rf.4fd2b6121aea3f43bfc40074b69b9531.jpg 0,22,494,638,0 299,27,506,328,0
fowlpox557_jpg.rf.0c573b84b7baaad0879cc1773696ed6b.jpg 202,109,593,478,0
fowlpox80_jpeg.rf.d394bda57c49532964ef4f77e1a37483.jpg 472,241,521,307,0 549,501,620,632,0
fowlpox305_jpg.rf.906d0bc75ba31223f0995515bb76eb9f.jpg 46,0,606,581,0
fowlpox-112_png.rf.56253345f58845f047506738e169a18d.jpg 36,22,356,246,0
Screenshot-2025-07-05-160024_jpg.rf.3d3995dbca903ff5c3c1a6f131e8d51c.jpg 89,8,625,604,0
285_jpg.rf.4802eadff63cd08db77a6bbbae8364a3.jpg 150,211,508,373,0
fowlpox1273_jpg.rf.043a68b8cb419d5302d1d44588f82790.jpg 59,2,572,607,0 209,100,521,347,0
fowlpox1265_jpg.rf.451ab352ee01054c4c2f21125540f418.jpg 10,22,496,640,0
fowlpox1259_jpg.rf.691d137906457f9c9cee38bd9734dbeb.jpg 36,76,450,626,0
337_jpg.rf.9afa14829f70b091eaf52ef4374bc6fe.jpg 258,146,557,532,0
Screenshot-2025-07-05-161944_jpg.rf.e8d0d811cf374c86eb58d4ee0ee3e15a.jpg 7,25,640,619,0
fowlpox1145_jpg.rf.c078f53f83c59f746aeed30fcada8f75.jpg 36,116,602,529,0
fowlpox1170_jpg.rf.4bd19059fd1ca2abda0344ba6e8f789d.jpg 123,62,640,602,0
Screenshot-2025-07-05-160352_jpg.rf.972512e6d7f3f631313c1a682fe2a262.jpg 8,97,625,611,0
fowlpox-2_jpg.rf.980fee00ebc484ded40e6d17f0a732bb.jpg 163,26,567,375,0
180_jpg.rf.403a44f1879f287f852abcad734a9feb.jpg 312,102,417,182,0
fowlpox-302_png.rf.be42638121a99c911046aff655b9f322.jpg 0,280,520,572,0
152_jpg.rf.6467754e26af40b260975e3139aa2ad1.jpg 30,242,369,603,0
347_jpg.rf.8a09aa2a69ff90e92cf7799d0791f44f.jpg 282,64,471,514,0
fowlpox1149_jpg.rf.c2cc0c9a68e400dca67ef6bece9d3ae0.jpg 197,19,413,154,0
fowlpox805_jpg.rf.2770f9b7f152122309822d489acc5dba.jpg 0,0,637,637,0
fowlpox458_jpg.rf.0193f61457a5b5a0d6af490cdd9573a4.jpg 19,0,637,637,0
fowlpox1372_jpg.rf.504ca8bdcbcbf1db81be05765c837ac3.jpg 116,176,345,496,0
fowlpox1230_jpg.rf.2e908a67decbc17a44b166c8cd891a72.jpg 0,26,637,637,0
262_jpg.rf.2713bc23eae57b6dda38d0a974a38f43.jpg 300,26,421,109,0
fowlpox647_jpg.rf.bd0779fa7a2ee7b786d5e837ea8e3c9d.jpg 0,3,637,637,0
fowlpox1384_jpg.rf.55b654d8bf5ba316fc8a2bcc8394a2dd.jpg 55,68,406,357,0
7hvzo4b9z9k91_jpg.rf.475f3590f60f55c3a737b2a6c517040e.jpg 225,209,571,436,0
fowlpox1310_jpg.rf.0a01886568b8374ea55c310b74a670c6.jpg 235,48,578,382,0
fowlpox160_jpg.rf.d865c834ec0d22f3e5d93001ccb54729.jpg 431,197,591,469,0 39,79,314,631,0
fowlpox118_jpg.rf.15226d5e20fd75cf6e414ec09de5f51b.jpg 0,41,637,638,0
fowlpox1308_jpg.rf.49794c9c140ec958e8127d951d264ba5.jpg 118,0,377,573,0
fowlpox169_jpeg.rf.66ba75183b588d7e24d6854b1883a59a.jpg 62,0,627,565,0
fowlpox892_jpg.rf.60a238dbb42ae2c3814ed377f2dfe50d.jpg 0,189,531,592,0
fowlpox35_jpg.rf.29fedd59e3114d5d2a2529d1453706d0.jpg 0,24,638,637,0
49_jpg.rf.b3d306c8bc971c8f12d491a14423497a.jpg 163,334,327,563,0
fowlpox1323_jpg.rf.7d332796976a77150f6e016136c7906f.jpg 0,54,431,600,0
fowlpox1395_jpg.rf.553448538439ff331fb325a7059ea8a1.jpg 4,4,534,566,0
369_jpg.rf.ff4aebeadbc2483fda0824ef73e6e929.jpg 224,49,605,281,0
fowlpox1365_jpg.rf.3ac787a93f17129d050892041978b4c9.jpg 149,54,640,511,0
66_jpg.rf.f290402ece677682fe820ea83e7b2ff2.jpg 254,540,394,639,0
fowlpox59_jpg.rf.124a277d8ca0f88e1c4064c8202f00d5.jpg 283,203,566,453,0
374_jpg.rf.97e4e57b8651ee62bf1de2c5d2e933c3.jpg 200,17,610,272,0
fowlpox671_jpg.rf.98412930a3561a88c2bab96f1413e0b1.jpg 0,0,637,637,0 63,40,327,332,0
fowlpox837_jpg.rf.59bb3d6976df2bbeaa341bcc72d40c2d.jpg 227,247,621,631,0
fowlpox1122_jpg.rf.ec8c17293ded82c5e1215662fe1c3531.jpg 227,310,479,547,0
fowlpox318_jpg.rf.e322c51a356c81c6f4542ab35d272d20.jpg 183,132,640,437,0
fowlpox833_jpg.rf.06d04b497c848bd68c36cb94021839d9.jpg 40,185,607,613,0 54,18,612,640,0
fowlpox1261_jpg.rf.d56ac5e10fed7e2a642be8ab838fb99e.jpg 5,14,486,617,0
fowlpox13_jpg.rf.4cee6f40e657ee0c36fb6cb514211ad8.jpg 340,131,449,251,0
fowlpox1376_jpg.rf.a1faba3707e8464e813430271fe703a7.jpg 0,48,496,621,0
212_jpg.rf.8b77f655082112ccfe0b8c9bd5bf1d7e.jpg 40,189,226,444,0
352_jpg.rf.ba5d3ba9f70c71bd23009525f1b395d5.jpg 155,81,492,607,0
fowlpox174_jpg.rf.5d5b2da8882e111f5edeb4e6ccf1f692.jpg 143,105,565,562,0
fowlpox163_jpeg.rf.f9d517479cb5db18e10c28b40591f5ac.jpg 36,36,172,200,0 161,250,234,340,0
fowlpox-209_png.rf.dce89d2e729ce4c16ed9e5cc7cb10f39.jpg 255,159,461,355,0 291,523,466,631,0
fowlpox862_jpg.rf.25cb71111d3bcb9d2b03ed52c847a4e1.jpg 0,42,461,471,0
fowlpox556_jpg.rf.53c8bc6c1ce8391c0f5087a3eef98fa0.jpg 390,285,542,442,0
fowlpox325_jpg.rf.3715348344a8f9f2edb82d27639c04a2.jpg 23,3,640,621,0
fowlpox1154_jpg.rf.ca8a10df8eb2e290139622c52cccd305.jpg 182,109,544,557,0
61_jpg.rf.9af4c60d2b117256ce399ff33f995e16.jpg 250,140,393,322,0
Screenshot-2025-07-07-102509_jpg.rf.ee7ad231a3a4bb0973cc8407a3034c80.jpg 18,7,640,640,0
fowlpox445_jpg.rf.922abce1bde83dc91bcce488b7e151b7.jpg 29,0,637,637,0
331_jpg.rf.747cbfc832379e4aa3861bf0205d1168.jpg 253,214,508,427,0
fowlpox84_jpg.rf.6c1efed188b0685eebf4ff35f2056434.jpg 179,103,603,640,0
fowlpox483_jpg.rf.6df0bdca8c3504fd2ba1e6f8061a46f1.jpg 0,0,637,637,0
fowlpox-221_png.rf.59bc5b4f7676065149ab7ab118549da2.jpg 254,43,485,255,0 361,226,605,450,0
fowlpox1166_jpg.rf.e56ab9da1b8559cb8f67289743683c24.jpg 192,131,444,396,0
fowlpox1304_jpg.rf.53dbfecc224a6b0b37bbe83735036457.jpg 216,44,423,586,0
fowlpox448_jpg.rf.36a6b24cfe75b1a6b6a77ff6368d0e6f.jpg 0,93,384,538,0
202_jpg.rf.9dfc0849ec20d175e2bad9840f6d4ac3.jpg 79,247,573,531,0
fowlpox1079_jpg.rf.eadfbc7e6f055286a371df8b249300a4.jpg 0,0,554,637,0
fowlpox307_jpg.rf.e0bbc6e691119c4591df70fb8077270d.jpg 0,0,637,637,0
fowlpox715_jpg.rf.e5d4ef9c1431d154742f43e682fb27f9.jpg 53,0,531,578,0
fowlpox79_jpeg.rf.3ad87ed32a7bee53b762ed6d0b48e020.jpg 416,460,466,619,0 483,85,541,168,0
Screenshot-2025-07-05-160001_jpg.rf.1fbb6f64a82d9df955e6497629615039.jpg 72,13,470,607,0
197_jpg.rf.22a66453a4b5ccdab64a06e41356a700.jpg 89,271,393,497,0
73_jpg.rf.5ebec148bf2d5f17860e99e911bd3e12.jpg 230,17,408,232,0
Screenshot-2025-07-07-102132_jpg.rf.87a665570c90c38e9c8d8021a1df4fb4.jpg 7,6,609,640,0
241_jpg.rf.d82e1adade01c4ca67ddfc25320553b3.jpg 126,100,640,568,0
fowlpox26_jpg.rf.5e9ed67fcc74f789e07d8a03c13467d7.jpg 145,255,413,596,0
204_jpg.rf.2bb89e4cc072412ac3d56ac4102d4a9a.jpg 83,264,427,512,0
274_jpg.rf.bbbeb04aeb97470da0a34bee584596fe.jpg 247,287,376,552,0
363_jpg.rf.fb26b53524c2158ead844aa19e767775.jpg 330,78,551,585,0
323_jpg.rf.9c36c78c991e8d6f4c145877c6247078.jpg 175,241,434,373,0
fowlpox628_jpg.rf.52b1e2d97172851c8d97e2a11d002fd2.jpg 13,0,637,637,0
fowlpox24_jpg.rf.99d7701ca2e58bf52d69a7494b5ae2a9.jpg 42,34,512,618,0
fowlpox159_jpg.rf.436fbd49802497413a07afe1adf0abc7.jpg 221,225,305,343,0 447,294,569,456,0
fowlpox127_jpeg.rf.9fdfd7e31e1db35fb9d49428368a3cf8.jpg 37,31,527,520,0
345_jpg.rf.8dfb19cd8270e0c475d8b92dd8fc2636.jpg 88,232,461,522,0
fowlpox818_jpg.rf.9b4d05b9a934f885d5db801626eb02dd.jpg 0,0,451,269,0
fowlpox88_jpg.rf.22df3750d552e92da77cdda8ed6db3f6.jpg 0,15,503,640,0
fowlpox1015_jpg.rf.3b424ba0f74dd143366647d362cbd519.jpg 139,142,640,586,0
fowlpox1333_jpg.rf.e3aae520b1da3411668e1d61f40ded78.jpg 0,0,637,637,0
40_jpg.rf.d2caf8cfa9c44463b3aacdd844d43f77.jpg 197,0,471,480,0
fowlpox514_jpg.rf.d37f9a53dce2f0ec34c9279ac91852fe.jpg 0,0,637,637,0
fowlpox1198_jpg.rf.49563b9c91576278ecc7495555876f72.jpg 144,152,575,482,0
fowlpox10_jpg.rf.32ffa39e388e01490662a6b055f783ff.jpg 266,0,500,288,0
fowlpox744_jpg.rf.0d1d9697f40e0cbd563e64db8c22ba4d.jpg 38,145,576,590,0
19_jpg.rf.03da3c8c618f9c6d0e2c45bbb25f5223.jpg 275,159,530,620,0
fowlpox179_jpg.rf.00c23566e0258a738d18b6d7cacc1454.jpg 103,100,237,390,0
153_jpg.rf.7b3140c14a918c60d5ae0a2538943238.jpg 37,207,292,588,0
fowlpox1364_jpg.rf.b2fbfe25df5abe0f6c3c28319f6c5f28.jpg 156,0,640,505,0
fowlpox799_jpg.rf.4386d08f2370ea65f8dadab3a9d3dc3c.jpg 0,169,463,554,0
fowlpox72_jpg.rf.a79882d191b2ebcdc232cd5a36199334.jpg 26,7,640,568,0
251_jpg.rf.093d32176836bb27f5f25247645a6393.jpg 307,174,515,591,0
fowlpox500_jpg.rf.29ddd1bbf43bd51e621f2fd8fb7a9902.jpg 9,361,566,640,0
fowlpox811_jpg.rf.2f7ab7ba6cc1db16bb687889100c9a39.jpg 30,149,577,569,0
Screenshot-2025-07-05-155349_jpg.rf.bb296821c56d823060a7b80c945e28f8.jpg 13,18,634,606,0
fowlpox497_jpg.rf.d545c9b95382f84d8463bd43972a6bbe.jpg 90,61,637,637,0
fowlpox802_jpg.rf.745effdc34119f3bf729442bbb5266bf.jpg 154,62,462,408,0
fowlpox1317_jpg.rf.7f9e26c75c7f6fec3ed9737ad4fa2ca7.jpg 454,326,640,608,0
fowlpox155_jpg.rf.2e4984e4934b17c2197e072f623ec6a7.jpg 215,107,386,248,0 380,123,536,217,0 165,461,370,597,0
fowlpox562_jpg.rf.c344774489d2082d7c0745df8fbac9db.jpg 241,0,640,449,0
fowlpox835_jpg.rf.4a040b1ecd4d616179ee6f42abaa9811.jpg 47,105,630,640,0
fowlpox300_jpg.rf.e4c114736dd808cbf57992b06d16e0a4.jpg 120,0,606,454,0
fowlpox132_jpg.rf.3157751d6572706fb56f5cdba530272e.jpg 315,203,447,388,0
183_jpg.rf.7be304e923cdd4521bd6c56b1cfc78e8.jpg 67,64,535,343,0
fowlpox527_jpg.rf.b5c76f6535b5da597d44863ddb371f3a.jpg 41,151,629,498,0
fowlpox277_jpg.rf.8ccb3a62cef1f69541911daa696b9f1c.jpg 32,86,582,590,0
fowlpox878_jpg.rf.320336ea3b872f12b107c69cf52e04ad.jpg 266,91,474,322,0
fowlpox115_jpeg.rf.f1552cfe883dd174061708bdd26721fc.jpg 2,1,638,224,0 0,216,282,552,0
fowlpox1111_jpg.rf.8cc365c344d4883ef6781a7b485fd726.jpg 6,32,637,637,0 0,24,379,468,0
fowlpox746_jpg.rf.4d3f3cd88ea219fe04fdd1d96b3cec02.jpg 0,139,330,619,0
fowlpox-293_png.rf.e6f31c35226aba19170c3bfc3c4f78bd.jpg 487,264,629,366,0 304,476,495,586,0
fowlpox719_jpg.rf.e1c97be04d0435210e63f00abe512bf1.jpg 62,6,594,591,0
fowlpox650_jpg.rf.c6398d82328afdb665c8e14e7ca93df6.jpg 158,74,500,298,0
fowlpox565_jpg.rf.2ece027025cf4e89448937217dea12a8.jpg 33,4,640,510,0
fowlpox81_jpg.rf.1202a0ed09b3dbdb7a338c1ffe32f2ee.jpg 202,0,640,640,0
32_jpg.rf.82a22f1816cd065390e143fa16e14f3b.jpg 180,102,620,501,0
fowlpox171_jpg.rf.0ec5c29b7a79efb821fec23f1aa6926c.jpg 0,0,637,637,0
fowlpox66_jpg.rf.a072cacc2f71b743871758bd899137e4.jpg 44,99,614,513,0
fowlpox756_jpg.rf.aead70ccc242029ae7bf30f701377da5.jpg 37,0,619,640,0
fowlpox132_jpg.rf.35764703ca648d37a26015de25b4c5d7.jpg 23,13,601,547,0
fowlpox-276_png.rf.8f22fbd66a71411a4d040a0f1b298684.jpg 125,307,262,433,0
fowlpox-35_jpeg.rf.bcc74a5e9d581836b4b940e5939a561d.jpg 43,0,387,390,0
fowlpox17_jpg.rf.6710fca722686a9d7e5fbd9bd1bdf06f.jpg 76,23,498,301,0
fowlpox367_jpg.rf.00bea8a6dc03c6ab531675749ca04fc5.jpg 0,26,637,586,0
fowlpox-4_jpg.rf.592125a5b1ee498a1d30b761846b1436.jpg 84,31,421,281,0
fowlpox1078_jpg.rf.ce7069330f76aea955abcfd78aa49cdb.jpg 0,0,637,637,0
88_jpg.rf.2716a073c27ddf9e4ba285f9dae7612a.jpg 150,17,549,461,0
fowlpox137_jpg.rf.8350908544998407b27fc5c6be6a3282.jpg 459,13,623,325,0
fowlpox343_jpg.rf.d9bd8e6f6c305aabbe58bf6b39d7f747.jpg 0,3,637,637,0
fowlpox687_jpg.rf.0b728643777b7bd5e3119e5a906010f9.jpg 0,3,637,523,0
fowlpox872_jpg.rf.d6c419724ba4b0af36b4a600b7d347c3.jpg 80,0,640,582,0
fowlpox502_jpg.rf.82385f2caa4e8c3b112e0125670c254a.jpg 3,371,570,640,0
fowlpox259_jpg.rf.48b34059988542a3e5be1298df99a475.jpg 70,243,589,589,0
fowlpox175_jpeg.rf.cba392fda30f560a387dda07b6c51b55.jpg 96,89,223,381,0
fowlpox852_jpg.rf.e5d4450274fbd2604602ffca0f6c201b.jpg 54,0,478,496,0
50_jpg.rf.fc168376e131243a173d1dd6ccf228a9.jpg 137,181,331,494,0
fowlpox-24_jpg.rf.43f286159886006daf13264cf0ddf89f.jpg 243,188,537,612,0
Screenshot-2025-07-05-174653_jpg.rf.5bd7ccdc84f1c960f70360c9e7dbc5a9.jpg 36,30,607,640,0
fowlpox-212_png.rf.e035faae52636507a5c261a552c69ff4.jpg 181,270,431,526,0 352,561,445,640,0 144,67,375,192,0
fowlpox741_jpg.rf.cf8cb36b1837604d453bf0c71eeab9d3.jpg 109,160,640,541,0
fowlpox1269_jpg.rf.4dea7272adf6b5873abf1de9ae9bbc45.jpg 0,55,637,631,0
Screenshot-2025-07-05-174610_jpg.rf.3415e3a191d0d7355ffd5d7966e73804.jpg 6,0,616,640,0
fowlpox236_jpg.rf.47fa041c43bf62dcdf80c33d5ee0d823.jpg 0,0,637,637,0
Screenshot-2025-07-05-160211_jpg.rf.0d65e10e207705e024593c274018fe7b.jpg 42,29,640,616,0
fowlpox1162_jpg.rf.429ade707851ddc7fdeee36a85ea9513.jpg 166,84,640,615,0
217_jpg.rf.e02cc87bf33b1bd4a4340b211c8b4003.jpg 200,261,456,506,0
fowlpox519_jpg.rf.3b8ab048ca0a196c23a9c867ae94f86b.jpg 305,285,584,551,0
fowlpox-284_png.rf.3b5ebe6a730b79a35ef7d5b9f1f6db91.jpg 41,58,544,500,0
fowlpox117_jpg.rf.e824494d1bc1c8536d46f3913d5c99c4.jpg 0,38,637,637,0
fowlpox273_jpg.rf.6b577970b504293dbea9e30d753993a3.jpg 92,0,637,520,0
177_jpg.rf.33e6993371f7d040fb05f5acfebd2243.jpg 155,312,576,569,0
fowlpox92_jpeg.rf.18bd4624a316f5c29d390f1e6672e0cf.jpg 0,53,374,640,0
fowlpox421_jpg.rf.3f6bec0a87fa6daef8ef226b12270b61.jpg 281,23,551,294,0
111_jpg.rf.234aa561d4ea2ca30bb40bdb4f032c78.jpg 417,229,629,535,0
fowlpox1202_jpg.rf.dc7e98197016cda55a23518787534bf8.jpg 97,136,610,545,0
fowlpox796_jpg.rf.8dccc452b1e4b2b1fb7a8e73a1ee82b6.jpg 28,185,637,600,0
fowlpox1147_jpg.rf.5b6173b3cc514cdb9d0f7997a1748857.jpg 96,40,360,275,0
17_jpg.rf.968009721e7199e202aec58934d230a5.jpg 102,74,448,285,0
fowlpox1253_jpg.rf.8e9bb3275240e3d0607b647324e92ad0.jpg 47,0,510,640,0
fowlpox423_jpg.rf.1b60f816ab5c492388064c47055a6a70.jpg 160,173,634,637,0
fowlpox637_jpg.rf.88ee42757c9f083115e101af24fb6d81.jpg 0,6,483,637,0
Screenshot-2025-07-05-160329_jpg.rf.ceeecdf6809398850c725e42df541b27.jpg 42,17,640,572,0
239_jpg.rf.cffcba02ce80e6380939159ef24a2bab.jpg 184,198,506,367,0
fowlpox1062_jpg.rf.09836cb42a71bf6f88f9c31c52b11a45.jpg 173,77,406,447,0
215_jpg.rf.4d2bbcfbd44bdab551f8e213722845aa.jpg 180,184,454,392,0
Screenshot-2025-07-05-155503_jpg.rf.574cbd1acb4411d9432df481be61dde1.jpg 6,19,640,569,0
fowlpox507_jpg.rf.6399bf6ebd5cfb86147a53a30426e2e3.jpg 31,133,482,640,0
fowlpox243_jpg.rf.34d64a2b2d54818f8a77a033579f50d2.jpg 213,276,547,580,0
fowlpox938_jpg.rf.d1d6b180ccebce194fafad87568535c1.jpg 34,49,640,640,0
fowlpox623_jpg.rf.e1730981a261cdbae705d8c83432bab7.jpg 159,287,380,565,0
Screenshot-2025-07-05-161003_jpg.rf.7357d6229c021bcc00a6aa895eee0d17.jpg 17,13,632,620,0
139_jpg.rf.806bd389ebd3cfb8395a4eb62ac40f64.jpg 17,47,583,479,0
fowlpox922_jpg.rf.7d014095eb8fbecca4d2c03601348a33.jpg 0,45,637,637,0
fowlpox1327_jpg.rf.68b1cc0bb96f417df352d243f3f0dea3.jpg 0,6,637,637,0 23,201,464,599,0
fowlpox1306_jpg.rf.d947219417b90814d52eff849c7497b6.jpg 216,35,425,494,0
fowlpox345_jpg.rf.d89f4ad11a89618fda9183966d0f005f.jpg 0,262,422,623,0
304_jpg.rf.4c3758d0165516872f9a080dd3d34681.jpg 273,44,507,546,0
fowlpox868_jpg.rf.1e0186f2afe916dacf77b8a15fa51b87.jpg 91,184,292,390,0
fowlpox1256_jpg.rf.e20e57318fbc89dcd904e1b44b1eb3be.jpg 13,108,435,490,0
fowlpox449_jpg.rf.8e62b9a681603b1e00908c580e82828f.jpg 22,20,623,436,0
174_jpg.rf.592dae4b4190072d5abf65b8ec68af72.jpg 525,262,626,378,0
fowlpox585_jpg.rf.3a71c2b1aff5b0e0cc2480a4b6cfd156.jpg 211,39,435,308,0
fowlpox902_jpg.rf.eb1deab4842fa67d9edd03a5ebca662f.jpg 0,48,640,640,0
375_jpg.rf.44a6c144e9893703d6bbb727815c0119.jpg 270,297,637,559,0
fowlpox1178_jpg.rf.fd139f302c2f6c4c7ffbea9bc5072019.jpg 0,107,626,640,0
287_jpg.rf.2f2cf983715a85114eff8b6f062c5942.jpg 130,224,492,360,0
356_jpg.rf.ce2c6b0abd8a49483d255122e7578e41.jpg 185,64,470,276,0
fowlpox84_jpg.rf.d090936649cf7922d015db060e718738.jpg 478,94,538,155,0 398,470,460,621,0 352,269,400,332,0 446,388,494,510,0
fowlpox544_jpg.rf.fd65baa7d762d5caf78c118d1f8b9f01.jpg 68,233,391,464,0
146_jpg.rf.e6bf53b1c9294d5577dbc078fb99e57b.jpg 67,64,613,511,0
fowlpox213_jpg.rf.0afe5b053f96499071e35f6dba4c4256.jpg 312,113,478,389,0
fowlpox162_jpg.rf.43266ee2176fa639e796c5d42345471b.jpg 344,4,604,629,0 145,46,327,357,0
fowlpox383_jpg.rf.b14e984e0936744c15ffb8123137c97c.jpg 0,0,622,608,0
fowlpox1128_jpg.rf.56bbeef22f97b7184060492ba5dd4217.jpg 1,21,640,640,0
278_jpg.rf.99721f1859b44a9356a49d4a0cd67c11.jpg 200,233,336,407,0
fowlpox-28_jpg.rf.300c9651b06ac77f91e18bafacc187f9.jpg 244,152,418,390,0
fowlpox222_jpg.rf.62a4048819c011f3ffcdaa975554a6eb.jpg 19,201,551,608,0
fowlpox60_jpg.rf.706b0eb281aa51ca85387d6248cd101b.jpg 265,163,573,508,0
fowlpox368_jpg.rf.f8b30d398fbf2b7183e36a1dbfa3b07f.jpg 61,58,633,532,0
fowlpox245_jpg.rf.bd40775adfbd6e64659396d836ed97e1.jpg 0,13,637,544,0
fowlpox697_jpg.rf.bf19188d34a04d208bfbda16c85d30fc.jpg 0,0,624,637,0 35,218,533,606,0 404,369,583,556,0
20_jpg.rf.2b17abc948f98579b989cc8f208d24dd.jpg 195,234,457,420,0
Screenshot-2025-07-05-161137_jpg.rf.d4e40e77c81951c54674eee6510a97a3.jpg 27,22,523,564,0
fowlpox278_jpg.rf.fc62af0ed4e0477e2688375d1093482a.jpg 112,215,496,599,0
fowlpox155_jpg.rf.797f16d7921ae57cc455fc5849d9383d.jpg 188,33,572,241,0 116,429,428,587,0
fowlpox674_jpg.rf.92b70d4b61d58489911f1b82880c60a1.jpg 242,0,471,223,0
fowlpox91_jpeg.rf.f115129b90f710f84f30dc45e1b2ccce.jpg 0,24,604,637,0 182,25,615,611,0
195_jpg.rf.4bf09da53b4ff96be060ae674a67f045.jpg 97,119,468,552,0
fowlpox1049_jpg.rf.f39b33df89c9e5f7c6a403b28adc91cc.jpg 48,26,591,614,0
59_jpg.rf.dd1e742a419ccbf6f044bcfb9d36fbdb.jpg 43,102,287,388,0
fowlpox596_jpg.rf.615eed5f43ccf2a82a5d0c5af9bb9e44.jpg 133,8,617,580,0
fowlpox-26_jpg.rf.480fb4a9a0ed05a7fc20cac3f7330f2c.jpg 224,217,510,562,0
178_jpg.rf.c9af79ed027655d805807aa62431441b.jpg 227,473,427,595,0
fowlpox1051_jpg.rf.7c7e2d208fd0db965d23e7a6a6159657.jpg 0,73,583,611,0
258_jpg.rf.8c3cad94dd6c326a2749a0576639693e.jpg 105,277,437,636,0
fowlpox110_jpeg.rf.fc3aa8803acf9f1fec6a5d30d6d36dbd.jpg 113,280,442,637,0
fowlpox1074_jpg.rf.71c588d55ed6c51ddefc5aa55e846ad4.jpg 10,63,558,426,0
160_jpg.rf.9f3c5d9ade5fa550d210af197aedce19.jpg 134,17,506,538,0
fowlpox909_jpg.rf.717c533c0295c990b5cf736c9c755f0d.jpg 0,121,514,535,0
299_jpg.rf.49c2e976f76671d0871f5fdd2997d11d.jpg 293,37,421,195,0
fowlpox12_jpg.rf.a8c9d9651ec1f309440203e7df17d741.jpg 325,44,372,232,0 382,61,469,163,0
fowlpox131_jpg.rf.e2efb3ca748ff68eeae2c3773cb3230b.jpg 32,2,474,494,0
fowlpox90_jpg.rf.0f683b625bb6f701029c79589b1fbe6f.jpg 71,110,250,379,0 93,417,143,506,0 345,368,389,467,0 214,1,256,69,0 341,117,400,231,0 390,0,425,75,0 452,161,507,306,0 233,417,279,496,0
fowlpox812_jpg.rf.59f8869ebd678914b41fd79d6e971c8a.jpg 0,0,627,637,0
fowlpox1286_jpg.rf.144b87f1b648749cb100b393e83988f6.jpg 38,153,534,640,0
fowlpox116_jpeg.rf.1b0c774c4cb7e92aae7485112d651969.jpg 0,38,637,637,0
fowlpox262_jpg.rf.b830daf089df7c698c1767713a2e181d.jpg 0,0,505,358,0
fowlpox59_jpg.rf.30ff1d4576f9fa81d11d0368aa74a935.jpg 13,137,573,592,0
fowlpox190_jpg.rf.fd15923ada4a7a43179855979ad6cc86.jpg 74,21,406,192,0 192,352,263,441,0
105_jpg.rf.c87b6ac36cb358b707d111ba02262268.jpg 140,259,450,635,0
155_jpg.rf.045b072bce8d97be31bf9a6834e642a6.jpg 164,91,543,608,0
fowlpox212_jpg.rf.7597627ade1f770b9decdb575f54e5c7.jpg 286,131,489,394,0
fowlpox537_jpg.rf.28492c7bdd6354add49fbadbeb9edabb.jpg 368,171,527,336,0
122_jpg.rf.56de75cfe8fc1f8ab8f3d5db7e3a76c3.jpg 97,69,579,475,0
fowlpox22_jpg.rf.da635e0a9f094ef2fe842309731aeece.jpg 0,0,638,637,0 0,2,459,577,0
fowlpox926_jpg.rf.ebc96f5426ebae1ebaabea5738d87f0f.jpg 0,0,640,640,0
fowlpox418_jpg.rf.4925627cd4be0e10b3a8b468a0c9936b.jpg 29,141,547,637,0
fowlpox1046_jpg.rf.ab1db0e76335e0dba8f6a2297ae360ae.jpg 276,175,485,387,0
fowlpox794_jpg.rf.e68a6b50002392eea034b4ef51be002e.jpg 38,0,640,640,0
fowl-pox-treatment-1024x667_jpg.rf.a6538616b39fdaa0b2a281be9865d040.jpg 130,287,447,428,0
31_jpg.rf.20e9cb4ce4daec821064fa0b81e4f6ff.jpg 12,61,396,499,0
fowlpox121_jpeg.rf.c250ebb5ad727bfcdeec97b4b14d71b3.jpg 35,0,555,640,0
63_jpg.rf.ed18ae11edba288c55f0a0f1c8c302bf.jpg 235,154,400,330,0
fowlpox164_jpeg.rf.06e145e61a946c5d6eec7f74a8e15c57.jpg 430,442,507,549,0 566,245,640,398,0
fowlpox-25_jpg.rf.115e8719b1257e164fbc81e5cb223049.jpg 293,135,423,386,0
fowlpox95_jpg.rf.dc399a17fcf7633dad3b103545b3d190.jpg 0,24,610,637,0 135,14,585,419,0
245_jpg.rf.7160fffbf1f37e3ac990c572a5d44123.jpg 88,241,467,524,0
fowlpox13_jpg.rf.6db0358a769cad64626d7cbde8568af9.jpg 117,36,503,314,0
fowlpox1057_jpg.rf.b4df24b9a799edb62075338b24227b3d.jpg 179,91,637,634,0 179,83,405,429,0
fowlpox369_jpg.rf.d12d57c71ab4bffe82b64b22f94ada41.jpg 50,58,637,553,0
fowlpox97_jpeg.rf.55ef04147cd9dde045fa750438293ece.jpg 171,153,323,561,0 296,432,403,569,0
fowlpox686_jpg.rf.96b1454b67d098e5319fe2d10f1018b6.jpg 0,18,628,516,0
264_jpg.rf.3657f93093e9da033b7a9406231371ff.jpg 453,190,640,311,0
Screenshot-2025-07-05-155414_jpg.rf.f16ad8c170454aec55fbfa1813c287ec.jpg 6,0,626,620,0
fowlpox605_jpg.rf.1b1852705dd89c97fc0a322eb666e2a4.jpg 16,0,483,288,0
fowlpox1316_jpg.rf.d91ba9987dbfe47572e71ab283031270.jpg 403,237,640,637,0
images-2-_jpg.rf.cb5f8b63127b3ff9782fe91d43de5b3c.jpg 239,181,494,437,0
fowlpox29_jpg.rf.8ca1fb8be9d9d7bf435e753458f44e72.jpg 222,75,457,592,0
fowlpox1302_jpg.rf.8c8aad56575b807238f473ef336b9fec.jpg 0,3,637,637,0
fowlpox750_jpg.rf.0b96eef1fc92e3b6ed0a24ff04c3cc6d.jpg 178,0,639,484,0
Screenshot-2025-07-05-161305_jpg.rf.710bc442f863de67ac29ed76806bd348.jpg 43,41,546,585,0
70_jpg.rf.af0abb2250aad97c76f15e34a71fe61f.jpg 209,181,346,374,0
fowlpox1029_jpg.rf.0eee5b50765e48cfd7314db1d1c90e4c.jpg 213,200,640,574,0
Screenshot-2025-07-05-174946_jpg.rf.8abd728bc821a61d20ee21bc69873c86.jpg 8,63,598,608,0
fowlpox148_jpg.rf.a7f1da8e45990ea3d19554576efa6c0e.jpg 222,143,379,367,0 51,525,221,637,0
Screenshot-2025-07-05-160630_jpg.rf.af046a29198e4c6c1df76f40486b29ef.jpg 107,1,546,640,0
fowlpox25_jpg.rf.1ad47c207c0a917719f08117f67ff11f.jpg 258,68,374,201,0 265,222,450,427,0
206_jpg.rf.8a44f4db9cb6c8e1148a3e4ffe602111.jpg 145,0,421,145,0
fowlpox26_jpg.rf.1f6f12f488413bedbc6b07317e05377f.jpg 130,161,371,640,0
fowlpox1246_jpg.rf.2d9dd2553614aa4d1a251b4460a22ceb.jpg 0,0,637,637,0
fowlpox1298_jpg.rf.a64571576b45b9055e07d9404658dc47.jpg 0,0,547,637,0
306_jpg.rf.fd02417d3c59d204a9c46e5d1f10ce7a.jpg 180,187,530,422,0
fowlpox47_jpg.rf.80fa1eb6d3822904a2df5eee30f1c746.jpg 287,455,383,563,0
fowlpox1098_jpg.rf.293846262040de77e8c823ab6bccac50.jpg 0,35,637,637,0 74,141,597,439,0
fowlpox419_jpg.rf.0869d32c46b9d9c63bd920076312db3d.jpg 29,0,626,563,0
fowlpox1114_jpg.rf.d824ea9c1796bfb5d9334130f3dc9dda.jpg 113,220,529,637,0
fowlpox874_jpg.rf.6965523480d6e57c551be0bff95c209e.jpg 259,19,640,509,0
9_jpg.rf.5ba21a2369506cb501a57f5d726e2867.jpg 80,1,566,507,0
fowlpox392_jpg.rf.0c203af0249d38f3bcd7ff4b9d003be1.jpg 0,114,640,640,0
fowlpox61_jpeg.rf.3a8bf492d15e37177e80e7bb65cb8ec8.jpg 30,27,596,589,0
fowlpox451_jpg.rf.c9c26f57f8e496f75f0e4071f4150ef6.jpg 6,134,637,637,0 128,130,418,329,0
fowlpox1203_jpg.rf.3d9b3302e1c70c79bb1c0ff12a64e048.jpg 92,137,448,546,0
fowlpox469_jpg.rf.e2ed948c5a5dd3e2101a5719fdaf966c.jpg 0,0,637,637,0
fowlpox653_jpg.rf.d649445c3bfc7fbe668bc2728cf6031d.jpg 45,97,418,410,0
fowlpox-285_png.rf.971f521f4d1cbec9ba0086b62cf588be.jpg 6,21,490,640,0
6_jpg.rf.bf77b850eef274ae4be1169ff25d1aa8.jpg 84,1,630,497,0
fowlpox86_jpeg.rf.cfd0f4b39982670ac60a312fff1c23e1.jpg 19,73,458,606,0
fowlpox827_jpg.rf.5c91e75eb7cc56a4d3f58a55e8bcb970.jpg 0,0,637,637,0
fowlpox8_jpg.rf.b920a4d84ae3ef6b7e02b294c305703b.jpg 301,67,351,131,0 350,0,456,75,0 403,76,475,196,0
fowlpox1386_jpg.rf.1355508ea7b2be0bd83894b619e9c5dc.jpg 64,109,344,425,0
fowlpox400_jpg.rf.60670ff47faea1f084a24283299eee8a.jpg 0,0,637,637,0
fowlpox382_jpg.rf.c078ee2ed0c7ee36383f05876ae0d3de.jpg 102,17,597,456,0
fowlpox597_jpg.rf.48f10c039e500e431ead77796f2b16fd.jpg 115,3,558,578,0
fowlpox61_jpeg.rf.94919668a48293c988991e088a9c282c.jpg 74,78,582,492,0
fowlpox1197_jpg.rf.e187efea7d54bc177b493f647026be6d.jpg 168,194,554,480,0
fowlpox1152_jpg.rf.4c3fd8050b900dda327eb61cf543e697.jpg 109,50,361,292,0
326_jpg.rf.7e40e05772fd1c58774103dd9dcc63d0.jpg 350,201,533,527,0
fowlpox-269_png.rf.74638d1ef289805083039622493de08d.jpg 218,335,441,498,0
fowlpox640_jpg.rf.17a2840cd177b0166b704d8e86bbe47f.jpg 262,234,529,619,0
52_jpg.rf.16967841e8c163b81ea763b68ed647a7.jpg 43,214,361,342,0
fowlpox125_jpg.rf.2754473aec69a9f63b5dd6700dd577f0.jpg 42,0,560,533,0
fowlpox1275_jpg.rf.dff13c1fe6fa07315a2a5fa6f30258bf.jpg 86,0,639,598,0
308_jpg.rf.3c9c9369f94cda869fda598dc1f8c1ca.jpg 257,102,455,492,0
fowlpox-41_jpg.rf.48c7f4a27cb76ca0ff8328130276ffee.jpg 163,177,470,366,0 262,532,357,604,0
fowlpox934_jpg.rf.f86222581b9f901f0d77d717998e9d22.jpg 0,0,637,637,0
14_jpg.rf.05f60c3eece7cafd94ff8bd54495def3.jpg 73,102,451,482,0
272_jpg.rf.8bdae9d8127ac84c50e862b25c38b013.jpg 262,427,463,598,0
fowlpox377_jpg.rf.ea3a36b66837994d5d29b4a0d3b8f21c.jpg 0,0,614,614,0
fowlpox55_jpeg.rf.43a60472902e90e849c30a280437ba84.jpg 270,199,567,489,0
252_jpg.rf.54f4498544d04d9e3f2fca90289bc2b8.jpg 78,52,358,342,0
fowlpox1276_jpg.rf.3e39dd4331f74bf22907d62b9a3c6277.jpg 121,0,565,575,0
fowlpox23_jpg.rf.8efbcf6ac19ff8ac759c297609f866d9.jpg 147,75,288,286,0 137,381,396,563,0 321,186,404,270,0
fowlpox690_jpg.rf.87ec8d5e68a021591fd550fb6a32ab33.jpg 0,0,608,470,0
247_jpg.rf.a2479708b94686ac067fc41d15fded51.jpg 150,317,373,501,0
fowlpox361_jpg.rf.50fff972bb407f637c6480cc7b210ef9.jpg 28,77,541,539,0
fowlpox1043_jpg.rf.ba25469d4071a64fde5ee2c6bc30c069.jpg 0,0,598,573,0
fowlpox994_jpg.rf.b10e0be164048a9e8310d90f01f1d88f.jpg 148,221,462,615,0
fowlpox643_jpg.rf.3f5dd3ee0e14b27e226ac8f288224bf3.jpg 0,3,637,637,0
368_jpg.rf.fc51130a68b36ef0074e4f878f70f0f9.jpg 43,44,290,444,0
240_jpg.rf.23de01637e37f3d0de7c3b90f601602c.jpg 134,182,445,394,0
313_jpg.rf.564fc82888eba389edd69b77ce9c35a5.jpg 253,217,358,418,0
fowlpox365_jpg.rf.ef6013c60ac8cfadb11e03a03a0eede8.jpg 192,68,545,549,0
fowlpox1059_jpg.rf.62327ea4b5e30d58c8eb8f9e179c5828.jpg 174,43,521,514,0
163_jpg.rf.044444a7a864c77208820857accacc92.jpg 238,186,428,613,0
fowlpox1024_jpg.rf.73157043851baf70053b6544a4c2f6eb.jpg 15,11,554,572,0
fowlpox181_jpeg.rf.fcfa3722a9ed774263e2e257f1d4b085.jpg 451,424,586,592,0 419,99,502,151,0 118,26,554,220,0 400,296,490,374,0 145,279,230,361,0
fowlpox-17_jpg.rf.d47ad56fb25edf50009ee0318e51e053.jpg 77,60,275,388,0 293,327,391,589,0
42_jpg.rf.8377c0aab753e43f4ac18bb0cada06dd.jpg 137,6,328,476,0
166_jpg.rf.b6ff6fcedf4905dcac4dea214c5636ab.jpg 187,67,505,572,0
fowlpox1263_jpg.rf.3de0c304af7b952a9cd799165ad6c525.jpg 86,57,555,555,0
fowlpox-207_png.rf.925b6428482c2320432b1be137306edf.jpg 126,66,547,531,0
fowlpox177_jpg.rf.7f2c2d320b883b812c151a81580d0b4d.jpg 21,158,384,640,0
fowlpox1000_jpg.rf.9ec48d86f2e28cdb52f5a4b338e9e9dc.jpg 145,232,402,502,0
fowlpox1367_jpg.rf.a32164894877efb3502d34b12c7cab2e.jpg 93,75,578,640,0
316_jpg.rf.5959c24d382b943770dd371e0f155a80.jpg 97,214,233,341,0
fowlpox430_jpg.rf.1c20ca828b3338ae2fffe6d3ec18495d.jpg 220,0,636,400,0
fowlpox1151_jpg.rf.fe485d0fca8e98669cab2e0bae2377d0.jpg 121,57,360,245,0
fowlpox16_jpg.rf.736281b8924f3f3f6400c8782dac33bb.jpg 197,257,572,560,0
fowlpox658_jpg.rf.f7d847ad27357f8851f7b8edce6c25b1.jpg 197,209,400,402,0
fowlpox1110_jpg.rf.62db451b24af7acbc9bd3c7b85763ae5.jpg 9,48,623,603,0
353_jpg.rf.ffb15c7cbe29aa7c4c0bdb735c206867.jpg 50,0,557,512,0
fowlpox-290_png.rf.dd0995005f5f3332e006ca4cfabde12d.jpg 73,306,448,563,0
77_jpg.rf.05ec8e34e776dd610f8992e262c17a97.jpg 443,247,529,362,0
Screenshot-2025-07-05-160053_jpg.rf.4c771452be1257e9e142985f000b2823.jpg 22,6,586,590,0
fowlpox981_jpg.rf.b9a17523e3010a641eb5dc0a513b66c2.jpg 116,116,247,254,0
fowlpox54_jpg.rf.ac762730f616cfd315b4b42cb2513171.jpg 420,179,640,431,0
fowlpox679_jpg.rf.98eeccf7281559fdbd0480290d9bb7e3.jpg 0,0,557,640,0
Screenshot-2025-07-05-175647_jpg.rf.f03de00f3e1430872118682ae26d5c74.jpg 5,22,640,617,0
fowlpox-5_jpg.rf.99fd080be290c628a931c3efafef38de.jpg 338,82,551,590,0
fowlpox50_jpg.rf.412253ba10b364c03d8e50f9f046b657.jpg 0,0,639,639,0 182,78,526,433,0
fowlpox224_jpg.rf.ccd52c01966b3c7832da55c2bdf301a6.jpg 128,69,587,583,0
fowlpox523_jpg.rf.91b46d43fbf1a831432fb505983fe93a.jpg 35,150,637,624,0
fowlpox71_jpg.rf.b208ef0af886b0106ede1edd60ffb4e6.jpg 82,16,640,563,0
fowlpox122_jpeg.rf.fbc455d5ebf2c6059b7000cb75af76b6.jpg 299,511,454,640,0
fowlpox362_jpg.rf.e93fdb2984752886dec143aebcf7b370.jpg 320,40,640,593,0
fowlpox147_jpg.rf.94d0b499a2a2cc4c65f0ad18da91184f.jpg 194,200,325,388,0
fowlpox60_jpg.rf.2e9c6d1ae9a690cb15ef50d6827345d3.jpg 13,137,575,592,0
Screenshot-2025-07-05-155939_jpg.rf.b469b08675b9d90a9babdaa85e9980e4.jpg 72,22,531,580,0
fowlpox253_jpg.rf.64839202bc00bd66aba87348fc5bdc78.jpg 0,0,624,637,0
fowlpox838_jpg.rf.2aaacba6288ff290e291600564c7b5cd.jpg 264,284,610,609,0
fowlpox374_jpg.rf.37f2a1ea710a6863fc3bb4a077caec93.jpg 0,151,435,631,0
Screenshot-2025-07-05-160450_jpg.rf.2552cc54127ac684a6240b4b8b2213e6.jpg 6,110,640,640,0
fowlpox-13_jpg.rf.28385b2ff8838083bcd207c494301f03.jpg 286,56,508,395,0 170,433,373,620,0
fowlpox791_jpg.rf.46fdab9e1c7082741811a71a6f83ff63.jpg 96,3,637,637,0
fowlpox691_jpg.rf.fee3ac044d23e719c7a2b8faffebaed9.jpg 3,9,602,640,0
175_jpg.rf.39a12f78dd598f4f8f14b7ca8d791a97.jpg 74,91,435,318,0
fowlpox549_jpg.rf.1a4142eafccec0e5e3d7cf75e3caa56b.jpg 69,8,637,563,0
34_jpg.rf.9a757cafb1f5c609190531db937f94b6.jpg 195,219,376,541,0
fowlpox10_jpg.rf.d5fb77af9e53103b7431543f91e04835.jpg 324,88,357,124,0 397,0,474,209,0 338,10,395,81,0
fowlpox1337_jpg.rf.d1287de69c1145b67afe5cedc2609d26.jpg 0,0,637,637,0
fowlpox1309_jpg.rf.9445038a59eb23f42e84bd66743d0fe5.jpg 17,0,640,640,0
fowlpox1250_jpg.rf.149fb7e6040788d0cb77d68ec5e8eb2b.jpg 49,25,640,640,0
Screenshot-2025-07-05-155526_jpg.rf.8151d2c8be1f3967634224316e99378f.jpg 9,15,617,616,0
fowlpox127_jpeg.rf.ddb14ba024525219eb298465adfca7ad.jpg 323,220,457,407,0
fowlpox4_jpg.rf.5c6dbf0ada80704042858a2fecb20481.jpg 320,0,636,416,0
fowlpox338_jpg.rf.18696b4a0e865c6607333dc143c7f000.jpg 66,122,438,396,0
348_jpg.rf.0c4a145fab84ed28cf5f612c66d89c15.jpg 90,242,563,480,0
fowlpox23_jpg.rf.b15aee2854ecea34b34b5aef650b784c.jpg 77,63,413,608,0
5_jpg.rf.67921b7c0b9b9fda2e3d66e2fa371cfa.jpg 145,16,563,502,0
fowlpox-211_png.rf.bf100fe3fc17024e62b623fa796e9429.jpg 213,363,358,562,0
fowlpox847_jpg.rf.9e1f449c4cd6c51ae6e682b0f42c466a.jpg 0,0,637,637,0 41,0,423,504,0
fowlpox353_jpg.rf.00382269763f618221565bd9201dc60d.jpg 107,278,553,450,0
fowlpox41_jpg.rf.72811bff6d9b423bf1e7449b2b2f5250.jpg 107,155,229,379,0 302,19,397,96,0
fowlpox172_jpg.rf.ce6ac48f15d8a6ab69d154e4ab8606b5.jpg 0,0,637,637,0
fowlpox513_jpg.rf.b817fc27d9c670e9ea875460404a8c0d.jpg 0,0,640,640,0
fowlpox728_jpg.rf.ab4b48c3d5bae376c192a75c0f97aec2.jpg 45,0,493,435,0
fowlpox-296_png.rf.25be81049c856b174122b6309b916a92.jpg 153,34,494,572,0
81_jpg.rf.c016b8cd7655a6425dc9fd8ad5eea45f.jpg 143,277,549,577,0
296_jpg.rf.6aedea63b179834a066b8e59486c87ab.jpg 114,321,235,472,0
fowlpox133_jpeg.rf.c9e691e7f60d989ede9a488ed904b8dd.jpg 252,40,401,285,0
fowlpox178_jpg.rf.2185ef7a76fa79548c921e3362f206af.jpg 41,184,171,532,0
126_jpg.rf.336ce170b47b00437c58bcd3dfcb8ccd.jpg 20,235,257,491,0
fowlpox586_jpg.rf.2fabc46523f5bac85440699663d13d7f.jpg 203,45,468,415,0
fowlpox184_jpg.rf.388aa003b8ee00c1086bc8a4cc930acd.jpg 0,0,640,590,0
fowlpox234_jpg.rf.469d78ff14b6a52e4dbc13c3b85f3028.jpg 21,54,502,521,0
fowlpox52_jpg.rf.50aa82b8f84d20afba6adc776ae398dc.jpg 154,54,384,289,0
fowlpox476_jpg.rf.bc16527369ef9c1b9c6e3bc5bf16746c.jpg 0,101,420,478,0
fowlpox268_jpg.rf.27b2290bb1570039d0ad8d5886b12b9a.jpg 0,150,528,637,0
fowlpox1081_jpg.rf.6626263e80490fb74de2d97e5770ed7b.jpg 0,0,637,637,0 91,0,364,264,0
33_jpg.rf.ae04c3aa42bf65d7106fb3e13bb5c195.jpg 250,64,608,520,0
fowlpox654_jpg.rf.efcb43d568e7e8a1484480bb28ff7c7b.jpg 49,86,592,378,0
fowlpox-34_jpg.rf.ce9c5edc109dcbcd326d56c10366ff2b.jpg 130,121,391,479,0
fowlpox807_jpg.rf.21f20a9b09a49ce316398e4f08b47109.jpg 123,103,617,592,0
fowlpox18_jpg.rf.6f737c6a89d57b71eab27f43fec98385.jpg 331,130,480,242,0
fowlpox834_jpg.rf.b8182d82396222f8c670b2e60ea6821f.jpg 43,21,640,625,0
fowlpox682_jpg.rf.02898c775dca6238de48ac9e71a7de85.jpg 73,0,624,513,0
fowlpox810_jpg.rf.a9036d17a7cf3ef6fdc05da691d1b62f.jpg 0,0,578,640,0
fowlpox195_jpg.rf.e97ad5a53b203a385762b72ee33aef43.jpg 0,144,345,626,0
265_jpg.rf.396c6ea049c91cc73d64d0f365162b43.jpg 312,261,611,598,0
fowlpox1313_jpg.rf.a0ed48f0594edae188f5a781b07aa0e9.jpg 12,0,601,640,0
fowlpox1117_jpg.rf.d48182b96a2e2f546d9053ea90a5b5eb.jpg 294,343,381,423,0 186,94,509,543,0
fowlpox221_jpg.rf.3d885c06f9c025f99c03bfa72b7cc441.jpg 37,162,488,600,0
fowlpox-275_png.rf.e890b471faacbabb7f006b95750f8e22.jpg 118,0,409,174,0
fowlpox1027_jpg.rf.e24a9a606fef86d1e26ca8855fd5b9d9.jpg 216,244,567,575,0
fowlpox337_jpg.rf.3828157425c8c82d55ffed6ec7e2a18a.jpg 44,89,640,515,0
fowlpox636_jpg.rf.0a67462fd2556efb3e0cf9b957590cee.jpg 0,57,534,636,0
15_jpg.rf.0bef4b449be019533aa650485b40fe1f.jpg 213,18,450,436,0
fowlpox950_jpg.rf.6e0fceb0dff7435d2b63a43fff2385bf.jpg 93,0,637,480,0
220_jpg.rf.dee64cda45e8a2d09c455c36e238c3de.jpg 309,222,525,409,0
fowlpox1130_jpg.rf.34964886380ec65b7c05a01c6ad2bf0b.jpg 178,3,555,373,0
fowlpox257_jpg.rf.923237e411c5662b1923a5d0c8988687.jpg 0,0,617,637,0
fowlpox69_jpg.rf.6dc7909f1da8205a4e7581e5944eee03.jpg 0,47,325,588,0
fowlpox87_jpg.rf.8ff17ba9554b87fb31da7e4dc54ad85c.jpg 0,33,499,639,0
Screenshot-2025-07-05-161228_jpg.rf.2b700875a8a733167f7841a5509c3f2f.jpg 25,127,619,622,0
fowlpox-9_jpg.rf.1362140bd5b0f093b8c37d2a8db26eaf.jpg 234,81,476,593,0
283_jpg.rf.800af9bacea814dd3070806b87a37a2e.jpg 347,329,492,452,0
75_jpg.rf.9a01453616889cc51f1560a955f41f31.jpg 220,217,534,413,0
fowlpox94_jpg.rf.79fedab2dfdfb0978ec7c18fccab43ec.jpg 0,62,378,639,0
fowlpox55_jpeg.rf.2d6d1943dac79a0ed53ff6c0a9c029d9.jpg 13,140,573,595,0
fowlpox-1_jpg.rf.7fb5e5478bd5a16af3d7dc1c0ee893f6.jpg 198,169,500,475,0
fowlpox1146_jpg.rf.704b7663c99459aacaa8655819f7441b.jpg 75,118,598,518,0
194_jpg.rf.dfebbd692e591e231cf0e10cc01df54e.jpg 178,241,528,615,0
fowlpox-224_png.rf.3fd509a603802c2c3907b8c9219ff35a.jpg 132,158,522,404,0
fowlpox90_jpg.rf.50eb9720cf0c697c1e1bc3920d48ecda.jpg 0,0,640,640,0
147_jpg.rf.83fc8883eab732f6239bfe3239b348d1.jpg 0,274,116,452,0
fowlpox-286_png.rf.b6ea3561af50782fa024437d8863190d.jpg 99,165,376,323,0
fowlpox482_jpg.rf.ea197bfc54e3f689ef39a49ccaa8fcd4.jpg 0,0,637,637,0
fowlpox443_jpg.rf.c93ebe58a974c161efdbc437c5428f65.jpg 0,0,630,637,0 279,0,634,240,0
fowlpox196_jpg.rf.e4ba7b192cdc4288c1fd3065c402f513.jpg 0,121,365,640,0
fowlpox749_jpg.rf.d026db195dd5c53a39715248e8e473a0.jpg 182,15,640,492,0
216_jpg.rf.3d9c752023e0e8030bdec8f1231eccdf.jpg 190,254,434,474,0
fowlpox356_jpg.rf.c06681271ea525d12c4d77accdbecd93.jpg 0,63,501,496,0
fowlpox659_jpg.rf.78d87ed6427039a1c1fbeb5afcac04a7.jpg 86,0,637,384,0
fowlpox33_jpg.rf.22fc9b5b54f4f06dcac928b61c0d2d92.jpg 216,164,505,435,0
fowlpox745_jpg.rf.73e2a145826183a031a7333b345ce9b5.jpg 167,0,639,491,0
fowlpox841_jpg.rf.6b39610b993beb6601aa2c121bad00d0.jpg 0,0,640,640,0
fowlpox474_jpg.rf.d53592aa40ab5142d97bdde44d23ed6d.jpg 0,0,637,598,0
fowlpox706_jpg.rf.096ef5896dc3e5c2d37c5f033f5fe089.jpg 143,187,453,555,0
fowlpox151_jpeg.rf.f9fbc07f6e639ad600e28eca0e132b57.jpg 0,0,630,290,0 120,416,637,617,0
fowlpox1394_jpg.rf.2e12fa8d1330a92bdcfa3c5648a6a0cb.jpg 3,2,531,568,0 189,103,319,163,0
fowlpox1210_jpg.rf.7966ee3f7ac108d696d9b4367c7b3976.jpg 192,168,505,414,0
fowlpox1233_jpg.rf.05e974e286249b66de4ada991a7d603c.jpg 175,116,593,552,0
fowlpox302_jpg.rf.71b8972a873fd642a027f2919681afd9.jpg 0,0,637,637,0
fowlpox1373_jpg.rf.62d15d3bb4d0c8b7ac4931d487e54361.jpg 220,149,458,504,0
fowlpox310_jpg.rf.8972aef8524c61c7e19a1f1bb4197b7d.jpg 0,0,614,406,0
fowlpox1352_jpg.rf.ed0b111889c1cf09a4950fda25e9fc4d.jpg 0,0,637,637,0
Screenshot-2025-07-05-155256_jpg.rf.9b680874a190ebdcd38104bbdf683a71.jpg 7,19,639,592,0
fowlpox593_jpg.rf.9282beafe4bbeb78c0faebb78e3f1207.jpg 44,0,640,640,0
fowlpox921_jpg.rf.da9309e03f46ada7e2a9da3b84fda8e8.jpg 0,46,640,640,0
fowlpox413_jpg.rf.236f0ead04a31afbe97ad0186468fb66.jpg 125,201,564,466,0
Screenshot-2025-07-05-155921_jpg.rf.cb9653ffd5a67c21e03377f007c75b1a.jpg 36,6,630,640,0
fowlpox569_jpg.rf.b24dc1ca7c21edecd49a811287e9896a.jpg 17,0,637,637,0
Screenshot-2025-07-05-173133_jpg.rf.a4a352a7f9fafc5ae4d7ce2d2b01777d.jpg 19,65,640,619,0
fowlpox-281_png.rf.9c7b529737ab935a7a18863cd7359387.jpg 86,17,570,625,0
fowlpox138_jpg.rf.d3dbac51e669ccba40255819021e23aa.jpg 244,18,418,314,0
fowlpox806_jpg.rf.0d1f4a15d0c2ac46d2c94529a7245151.jpg 112,93,614,592,0
Screenshot-2025-07-05-161123_jpg.rf.51166e28a7d2ef07f52424a8e24bfb9f.jpg 82,0,634,640,0
fowlpox415_jpg.rf.f65bd32afc60e85be60600a27126961d.jpg 39,0,628,489,0
fowlpox638_jpg.rf.66acfde57a6deb7430aa022d0ec68205.jpg 266,230,519,616,0
fowlpox100_jpg.rf.3ed7b1ce721d5bde46ef119036e5dc17.jpg 51,129,150,431,0 126,29,310,200,0 131,370,267,521,0
96_jpg.rf.ffb9638e9cd1a4e48d3d048be73cedeb.jpg 63,38,640,494,0
fowlpox1086_jpg.rf.655a1377492e59587aab27f5539a1d9c.jpg 0,0,637,637,0 107,0,397,279,0
fowlpox1220_jpg.rf.1af1c142d7fb03090009b1e03baf9807.jpg 0,0,637,637,0 130,52,460,640,0
fowlpox-226_png.rf.f6868f531af4a797c1ef46de2bbe989a.jpg 77,137,500,465,0
fowlpox-10_jpg.rf.6292ac0e27a75396f3ffc3cde22a20be.jpg 73,0,577,507,0
fowlpox535_jpg.rf.a58752eb6b592cdc84ad8af53b704ed3.jpg 247,121,451,432,0
fowlpox1350_jpg.rf.eabe99fed5eebf680c462793dcd3055c.jpg 0,13,637,637,0
fowlpox490_jpg.rf.25cab6425b9216c587aa56dfc86dc08d.jpg 0,0,534,637,0
fowlpox140_jpeg.rf.27e2dd578e7d670db98a3e948d16270b.jpg 110,0,602,589,0
fowlpox522_jpg.rf.472206bcd9279ebed9f1c64efca4d591.jpg 182,207,640,638,0
fowlpox828_jpg.rf.c51162b400a7f71fec8e48a43c5ecea0.jpg 0,0,637,637,0
fowlpox201_jpg.rf.9b2b1889d29d3ddce70267a93aa0ef74.jpg 98,0,253,433,0
51_jpg.rf.e21df3b532f17d163be5eab69e4b7a6d.jpg 87,194,333,394,0
fowlpox124_jpg.rf.c5c1028ca3723505ecb193b691bfffbd.jpg 295,511,449,640,0
fowlpox999_jpg.rf.33cfe813342d25e33aeb2d38a2e1db97.jpg 94,189,394,500,0
Screenshot-2025-07-05-161214_jpg.rf.b1c4d0f590b669592ff7c34c3ca1ac6f.jpg 7,20,640,571,0
fowlpox342_jpg.rf.3d17ffa2bb36c581fa309809b4e60249.jpg 11,87,605,512,0
fowlpox91_jpeg.rf.549d2cbb1dc2c23bb4b73727eccadfc0.jpg 172,37,577,403,0 259,513,433,626,0
fowlpox521_jpg.rf.3aa9a1b73971f58eb702120934795231.jpg 213,247,640,628,0
83_jpg.rf.bbef03d767e239eb5bf7776f0e7955bc.jpg 117,47,456,353,0
fowlpox1361_jpg.rf.eedd999d19c53a0b3dd828d2c0dbbf94.jpg 0,0,637,637,0
199_jpg.rf.57624e87d20265e61f59ec4105b4322c.jpg 279,477,496,640,0
fowlpox267_jpg.rf.6491386f3568f1dc3b54288f43ba0700.jpg 0,146,534,637,0
fowlpox776_jpg.rf.6f5a294d1cdd7447109fee7a06eff4c3.jpg 3,195,435,624,0
124_jpg.rf.6faeea7353ce589e4e08205183d203ec.jpg 12,14,436,612,0
237_jpg.rf.a340236be2a1cd25ef5b067548ab90c6.jpg 77,232,491,539,0
fowlpox379_jpg.rf.0dd103164b68a5395950cfe0eb6ef762.jpg 0,0,618,637,0
fowlpox217_jpg.rf.db0337898548cd789df7eafd24514ea5.jpg 0,0,624,637,0
fowlpox255_jpg.rf.c354e19eee4aa68d614db2aa31f8eff1.jpg 0,173,433,598,0
fowlpox896_jpg.rf.6c66d08a016526d54381a2842e75b3be.jpg 255,174,440,366,0
fowlpox-49_jpg.rf.9b394dd950987db72b18f0e1b90d0aca.jpg 168,347,391,494,0
Screenshot-2025-07-05-160308_jpg.rf.81926d9ab121879c83b2ccfad84d9ab4.jpg 134,117,586,540,0
fowlpox174_jpg.rf.6bf310e55243615adcaabf7eba67be33.jpg 188,151,431,525,0
fowlpox146_jpeg.rf.5049922185de14d28a7e472a76cead0e.jpg 201,225,359,409,0
fowlpox62_jpeg.rf.57a987297e9b67ea10c7e31d8aa27a54.jpg 209,7,635,474,0
Screenshot-2025-07-07-102109_jpg.rf.ca62c03123d60a221e7b658f3c3b2dfc.jpg 6,9,640,640,0
fowlpox275_jpg.rf.f591cdcf117ae2bff3ca5dd1ca72ef2c.jpg 0,0,637,637,0
fowlpox673_jpg.rf.b7df989cc0a1d608ebf56b3da0df18a4.jpg 218,0,477,189,0
fowlpox145_jpeg.rf.01c2a7f6da697fefc4ef3e02653c0d61.jpg 123,5,605,529,0 133,269,325,516,0
fowlpox1270_jpg.rf.066ad0c2c9da1136e3f96eeb8b4d4721.jpg 0,61,637,624,0
361_jpg.rf.41aba99ff0be796b1ce654ffaeedfe2f.jpg 92,354,555,568,0
fowlpox376_jpg.rf.5fe662cffa383ea9d08e4443f393c192.jpg 0,147,429,637,0
243_jpg.rf.c50f58dfc1a6b8ad14ae9c19466aa3c4.jpg 230,231,537,516,0
fowlpox821_jpg.rf.fc2e53953ed5694cf33d6a06bd903f4c.jpg 261,261,412,491,0
fowlpox414_jpg.rf.831684ed80a8013f2c836c330300d938.jpg 336,224,555,385,0
fowlpox326_jpg.rf.95174639ce714fcfcf5f9da5a6e79b71.jpg 171,0,598,398,0
fowlpox720_jpg.rf.035477c6e018885a23eebcb1d23248e4.jpg 53,0,538,586,0
fowlpox1088_jpg.rf.5890ee04207d2ee40b8de5e9a4a53f4e.jpg 44,178,397,502,0
324_jpg.rf.55e7228bc4ff63ca864f793eacd61eba.jpg 285,237,400,383,0
fowlpox219_jpg.rf.c2dc5d53be69a86276f0d0333ea89e76.jpg 236,276,579,616,0
fowlpox294_jpg.rf.18f129f3672c302e763f1daf142b26fc.jpg 0,0,625,637,0
fowlpox678_jpg.rf.94d7f35a382786878ad94b20f31098b8.jpg 225,0,469,187,0
fowlpox-23_jpg.rf.7b18648ba77834e0ba4e918dc8790e9d.jpg 121,82,502,415,0
fowlpox-219_png.rf.faf660ebbc8492f51e48d5bbf8c23f4b.jpg 254,159,479,377,0 419,363,618,576,0
100_jpg.rf.2f95e334360033fa2b1c4ef6ca410215.jpg 103,207,428,551,0
fowlpox1186_jpg.rf.84625748494891d2d02e1707c3936dd3.jpg 0,0,637,637,0 43,181,407,555,0
fowlpox395_jpg.rf.78c872c6f56a137ad98bb198c2a3e7df.jpg 58,152,606,625,0
fowlpox41_jpg.rf.9cab4aef2bb3d9607aee27627024ae8a.jpg 67,0,494,553,0
fowlpox274_jpg.rf.a4efbb0af35257623161529800d3f73f.jpg 236,0,640,463,0
fowlpox1060_jpg.rf.19e9c4458c1150ca9c015bba5e95f35c.jpg 165,38,533,507,0
fowlpox87_jpg.rf.745a662bc7b8b43a956bea6608b763bd.jpg 2,76,501,594,0
364_jpg.rf.18a1641aa584ac366ec74f392b6e6361.jpg 385,54,578,445,0
fowlpox1342_jpg.rf.cde9402df732a0ab4dc4fa174de1b0a0.jpg 0,0,637,637,0
fowlpox1393_jpg.rf.cd141361b1afb7fdaa7f2e5f61e7a18f.jpg 3,37,636,636,0
fowlpox63_jpg.rf.cf4c53e4345df400e74f300e5b6596ca.jpg 190,6,640,456,0
fowlpox385_jpg.rf.22e6d6b557ec54534294bd0a4b3952f1.jpg 205,96,637,605,0
fowlpox760_jpg.rf.39f081ee71941e0539a6e9a146d702a0.jpg 0,0,637,637,0
fowlpox-30_jpg.rf.360506ba197c76cdfa6379b771962f22.jpg 152,166,528,428,0
fowlpox525_jpg.rf.1e9fbd60bdff64d1bb3645657e3a57a6.jpg 278,149,640,537,0
fowlpox319_jpg.rf.16cdf88f9ff28a36633ab2a06bacd0c2.jpg 0,0,637,637,0
fowlpox576_jpg.rf.380c6124f95f6647df38fb574d270068.jpg 170,49,431,314,0
332_jpg.rf.5235d0792e68f40fc398520b1c03906b.jpg 182,122,436,520,0
fowlpox1234_jpg.rf.4c118a828eb61b4c25ecde1736535b9a.jpg 187,106,566,551,0
fowlpox409_jpg.rf.2f55f33a823abfb0460efb9dbcc199d3.jpg 213,231,546,429,0
fowlpox903_jpg.rf.f105003135ac7cd38a474769fd7cea24.jpg 55,56,640,567,0
fowlpox304_jpg.rf.9f9e0f54921da77096af249bf349bc2e.jpg 0,0,637,637,0
fowlpox321_jpg.rf.3f2e1ef001680c8ae33c296fd0efc251.jpg 0,0,640,640,0
fowlpox158_jpeg.rf.388f0cb163b279429f24424ad16c32ca.jpg 136,225,293,401,0 433,291,562,441,0
fowlpox2_jpg.rf.840e65bcb7bebbf63d3e0256f4bbfb06.jpg 323,0,636,405,0
fowlpox767_jpg.rf.cabd2ab3d0e78a29d2dfc6643755340d.jpg 119,41,435,509,0
fowlpox18_jpg.rf.2292c4b78e4272bd4a66f6d9524de538.jpg 77,34,520,326,0
fowlpox1115_jpg.rf.7c744675ce6d7062816e4d617ad62e1a.jpg 0,32,637,637,0
fowlpox1082_jpg.rf.5ffe5c9bb2c51710c41f91057fdc0cb0.jpg 115,205,461,560,0
fowlpox998_jpg.rf.b6b5a5dc9065e850c5f89a710269de18.jpg 84,170,471,560,0
fowlpox670_jpg.rf.38ee4b068e1c7124d7be1e49236ddc09.jpg 163,147,640,467,0
fowlpox200_jpg.rf.6cabebbcb8ec6567e5077a9186b42d00.jpg 108,20,255,452,0
350_jpg.rf.41f7f5f908b8a284414d51513204ccc1.jpg 152,237,290,388,0
fowlpox339_jpg.rf.771e4a5c8cc1474a8dcdaf53d2701268.jpg 47,152,427,398,0
fowlpox1368_jpg.rf.3f7c1af89a77605d0b043903b214294d.jpg 76,92,578,640,0
fowlpox1214_jpg.rf.3e3a43ed07648e358f992d223839575a.jpg 213,184,637,527,0
fowlpox1240_jpg.rf.4defbf2f4b7b13348d908e4046342fac.jpg 0,0,531,314,0
fowlpox1346_jpg.rf.e6b17018fbb0a458fcc42792945c0807.jpg 0,0,614,637,0
fowlpox1141_jpg.rf.52dda360dd7502f0f64fb5b301f6917f.jpg 39,132,596,524,0
fowlpox672_jpg.rf.8e65db3f51cd6052ac8d0e78a500d5db.jpg 0,0,637,637,0
fowlpox124_jpg.rf.25d968563ea094b64881b026ffb0ea36.jpg 70,13,507,640,0
fowlpox823_jpg.rf.60d89b983596588592b9ba2eac19b332.jpg 0,0,637,637,0
fowlpox601_jpg.rf.c54e95945d6ebdfc734040ebc7098801.jpg 13,0,490,272,0
fowlpox579_jpg.rf.5cf3b361a5d678cb5dd65f891a3c3479.jpg 217,87,437,288,0
325_jpg.rf.20e2cc47b7737ca36d744358143cf800.jpg 85,261,447,528,0
Screenshot-2025-07-05-174639_jpg.rf.15b4513243fab012a4d6281f824d1cbb.jpg 81,62,538,601,0
fowlpox1112_jpg.rf.c2d3863438ba9574e8519bb0a907985e.jpg 144,178,528,640,0
fowlpox951_jpg.rf.4ac23ed6a3e8bbe6d6fc0462b3314515.jpg 80,3,640,482,0
fowlpox380_jpg.rf.3ca10b8abec1668a09a33db066301b9b.jpg 0,20,633,458,0
fowlpox851_jpg.rf.8877856a1b8079136e85ef48ed843ecb.jpg 0,0,435,506,0
Screenshot-2025-07-05-160912_jpg.rf.48a076aeaa52ecbcfa9eaeef421555d3.jpg 44,61,640,636,0
fowlpox1129_jpg.rf.b90d74350da8a2ab55e4855c62cea410.jpg 98,0,637,618,0
fowlpox891_jpg.rf.8cfc155afc78090ec5c11d14dcb3fb01.jpg 0,186,509,592,0
fowlpox699_jpg.rf.78890eb3f7ea27622f7ef34f7fa1d9d4.jpg 0,0,640,640,0
fowlpox-1024x671_jpg.rf.401493926b8eb80fe2c8ab083d490496.jpg 228,341,480,561,0
fowlpox694_jpg.rf.5a86491f62ecbced6bb8cb0a5d812d30.jpg 440,163,637,393,0
Screenshot-2025-07-05-175413_jpg.rf.ebbea2c8d4f968600a0974eae1243a02.jpg 23,43,587,622,0
fowlpox311_jpg.rf.d542bb9159740589193df36a977b6c6c.jpg 0,0,637,637,0
Screenshot-2025-07-05-174447_jpg.rf.180de9770acf547725ce5d441d47a194.jpg 3,8,640,640,0
fowlpox611_jpg.rf.dfc2d464e0d64beede95f7574422ff8c.jpg 126,32,528,459,0
373_jpg.rf.859afa6abc8d28324cacedd004e80f3f.jpg 57,41,323,454,0
fowlpox113_jpg.rf.3aa6198c432d45d51b6cda593747d212.jpg 135,265,446,455,0
fowlpox988_jpg.rf.3f235aafca7de8bfcf29110226c8be33.jpg 310,67,638,453,0
fowlpox40_jpg.rf.8f5919b6ee617ca79199482bb0b88e40.jpg 272,141,446,366,0
fowlpox1262_jpg.rf.3312e41707e50d6673343d6b83900a1a.jpg 0,0,637,637,0
fowlpox192_jpg.rf.b02a22cc30bc4081629557111157dc2a.jpg 49,29,483,291,0 201,386,279,469,0
fowlpox785_jpg.rf.2f7462e6599ca836197f1080abd6cc9a.jpg 0,3,637,640,0
fowlpox428_jpg.rf.9fabf2f50b087286511b658886c98a20.jpg 207,0,637,401,0
91_jpg.rf.d5ad12b43481760c48444fc74b79b1ca.jpg 222,82,628,400,0
fowlpox27_jpg.rf.a288da19d2e00c30b6a616c345dbfce0.jpg 144,164,388,538,0
fowlpox1008_jpg.rf.8eebd812662a69c900c62e0bbdea4588.jpg 49,51,537,601,0
fowlpox499_jpg.rf.3eff800d3f2554f266cdd221e07f9fad.jpg 0,298,637,637,0
fowlpox192_jpg.rf.c9d367cd940575e3f034f8486ac56be3.jpg 14,11,472,640,0
fowlpox976_jpg.rf.7a5fc30c12058905093627aaf7248d83.jpg 0,196,471,582,0
fowlpox-274_png.rf.a9635bb53cb1cf0d8a75deabd3bb0030.jpg 348,169,532,474,0
fowlpox795_jpg.rf.3210be35545ab77ef03fb28ee0febf87.jpg 51,0,640,624,0
fowlpox1356_jpg.rf.7b8dcd7b5f7c8d5d25c680c7834be094.jpg 0,9,640,640,0
65_jpg.rf.e0656ca4b2bbadc6dbeabc491502e615.jpg 282,99,509,443,0
fowlpox1389_jpg.rf.a48223b7e17b6ca3b96919086f20b0f1.jpg 0,0,634,548,0
fowlpox322_jpg.rf.f69811aebe165e28075e0877c8a5f685.jpg 0,1,640,640,0
fowlpox462_jpg.rf.dd60f7b96e904e1b42b155e66d871a85.jpg 40,37,617,592,0
fowlpox1274_jpg.rf.57ef565f35de716ecd0947ce83538f65.jpg 104,0,556,613,0
Screenshot-2025-07-05-161336_jpg.rf.f69b04776ac190888cb2a95d98a9b28d.jpg 34,30,598,640,0
fowlpox603_jpg.rf.f5bdeea58f8c05fb2982042e4b94379f.jpg 0,206,522,637,0
211_jpg.rf.06450cf8c3666e9c4a2029dac2e18708.jpg 427,216,570,458,0
fowlpox28_jpg.rf.a95899e66c7be59581825f9f1f3a7091.jpg 140,162,371,544,0
fowlpox614_jpg.rf.8c59a064ca8b63952794fae320ecc7b8.jpg 128,126,628,640,0
fowlpox649_jpg.rf.a111e35aaad279bd26d2da05d7c92b63.jpg 65,90,408,386,0
336_jpg.rf.de6383af558ac8acf51078f9a87e9430.jpg 252,161,370,473,0
fowlpox-51_jpg.rf.8b60fca1dab7ad216a563a81e58922e9.jpg 86,226,316,385,0
fowlpox1297_jpg.rf.72bbee22999499bf3def7147893b33b9.jpg 0,6,637,637,0
fowlpox552_jpg.rf.4ac3d1274d106cbda2fb4beb8dc3ec56.jpg 0,14,637,637,0
fowlpox86_jpeg.rf.474361894a0de9bf57ef2278a57c8c85.jpg 1,43,504,640,0
64_jpg.rf.0edbbd15ded4cb7b0faee37c6b113fa3.jpg 410,84,640,432,0
fowlpox1324_jpg.rf.bb2cd89c45e17ba2ef297eef7a5760fb.jpg 0,70,481,640,0
fowlpox1174_jpg.rf.7df0b92f9f37d4f27ec729cbd2ff6a60.jpg 58,212,419,567,0
342_jpg.rf.7a0c3075134a3d243566e5d5225d398a.jpg 5,241,536,558,0
fowlpox1023_jpg.rf.439eaa508965a4d07acb820b4e65e2a1.jpg 73,9,431,421,0
fowlpox182_jpeg.rf.8caa58090580cbfa4c1c30c1cc9063ed.jpg 0,0,637,636,0
fowlpox816_jpg.rf.fdc26e7431b87600e0ce4020f9383658.jpg 25,195,584,577,0
fowlpox1315_jpg.rf.128617b857e05118e0f1fb796b1ebfc7.jpg 57,0,483,532,0
fowlpox1320_jpg.rf.50589a3f378642f7c220a26c01912f7c.jpg 60,0,453,515,0
fowlpox148_jpg.rf.227726d2a3a4d0f5dbbf5ea1c545e3ae.jpg 212,119,363,403,0
233_jpg.rf.616965e3c4fc2e60865038089debad3d.jpg 93,108,470,476,0
fowlpox399_jpg.rf.b547def155b25778a6233fa4bde36b60.jpg 0,0,637,637,0
fowlpox22_jpg.rf.9f7d925c56e7cd8b9a07a124f600f71b.jpg 0,270,260,542,0 332,215,456,317,0 132,0,355,153,0
259_jpg.rf.74511eb5f933f2478a5c355b4cae4a18.jpg 225,94,383,265,0
fowlpox-40_jpg.rf.4714f88307195d8b397101f8c3231473.jpg 236,4,502,169,0 208,285,375,436,0
fowlpox509_jpg.rf.5b87e90eff53a0a725bbf1487d2dfb13.jpg 70,104,504,616,0
fowlpox248_jpg.rf.c56f259765abb5aca92331ca7f644319.jpg 0,13,490,424,0
fowlpox282_jpg.rf.e0686f029b4817a228673da2d8f454ae.jpg 0,96,637,565,0
fowlpox-44_jpg.rf.4e88e30e723863b3daa570308b10ff9a.jpg 347,202,483,275,0 297,356,380,378,0
fowlpox804_jpg.rf.6b7452cd4175f824a7dd33493e0b947a.jpg 0,0,637,637,0
fowlpox1221_jpg.rf.e2093294b0c0908e5f62a1f6974ff143.jpg 159,40,399,334,0
334_jpg.rf.61baec74e9908b5d976a0c17cba99fb8.jpg 217,234,411,380,0
fowlpox77_jpg.rf.faeaf34d100e6d41f872a702b3ad7b1c.jpg 10,20,374,494,0
fowlpox-297_png.rf.c6f48a74f92ecd85cea27804363ab4aa.jpg 25,70,603,609,0
fowlpox708_jpg.rf.3dc48e974889aedecbc757a1d55bc2cc.jpg 251,79,491,335,0
305_jpg.rf.9f8f8ac1b6587c97c63bb6427560ed64.jpg 85,347,364,552,0
fowlpox786_jpg.rf.724575511a2d2983092faebea9a1f9a4.jpg 5,0,640,640,0
fowlpox-277_png.rf.1bef0d05133d4edd0fc83a9b43397529.jpg 409,170,538,282,0 85,361,180,526,0
fowlpox405_jpg.rf.01c01d1efcbc53fd39fba1e20f59e4d4.jpg 0,75,614,639,0
fowlpox35_jpg.rf.99adec8d1bdaa686672eafd05bcbc991.jpg 185,291,449,518,0
fowlpox95_jpg.rf.4dc2acd9401e73a8e46101e40e955a4a.jpg 157,35,596,403,0 239,488,418,618,0
fowlpox16_jpg.rf.0878ea0d84ca690f4160b9f29aacaa8d.jpg 200,321,391,456,0
fowlpox683_jpg.rf.b151206d86b08e58943e99b14385cd6b.jpg 0,0,539,347,0
fowlpox25_jpg.rf.2bb13f0626f22de52614d75d4cf4e0d0.jpg 198,66,447,585,0
fowlpox-43_jpg.rf.135d23be02fc17bcffe6dec204af93b8.jpg 129,200,385,400,0
1_jpg.rf.86a32019bb91872f211068aba749071d.jpg 153,29,630,409,0 260,524,430,631,0
fowlpox289_jpg.rf.f8cee7c5eaae3c656d6df3108c1a157e.jpg 61,0,598,541,0
fowlpox675_jpg.rf.3ac368ee5721d01e71f74dc457e19c05.jpg 241,3,467,262,0
fowlpox264_jpg.rf.ccc262544825825bfb95e9ac1c03f908.jpg 65,13,580,588,0
fowlpox115_jpeg.rf.f3f098478f36fe8aee2a4d572d4d6fa5.jpg 4,0,640,592,0
2_jpg.rf.4235b7de92deaacd280dc35a9b6415f9.jpg 0,41,260,444,0
371_jpg.rf.44563f1ba13628e754ad4155aa05e755.jpg 170,41,582,379,0
fowlpox228_jpg.rf.fdfb44200ed63b952708119cc1372d7d.jpg 6,22,637,637,0
fowlpox121_jpeg.rf.2303962a494e3c530d5639b4e5fb1089.jpg 124,87,268,251,0
fowlpox487_jpg.rf.87e242296bd7fc1aca28614ac2303aaa.jpg 0,0,637,637,0 141,0,640,637,0
fowlpox684_jpg.rf.16e088b4654c4c1a03b22e2a776feebc.jpg 0,0,563,640,0
fowlpox692_jpg.rf.781bc4be0c25d71b6d54285bdc00e245.jpg 151,0,640,497,0
fowlpox1370_jpg.rf.9b3b5e3f922fe02d25f5de25f2dfc113.jpg 110,232,355,492,0
82_jpg.rf.fb06c82936060ed4e5679c00a23c91a6.jpg 198,241,459,417,0
fowlpox844_jpg.rf.c3ee9bbfe8a300e41d06c71068fda84c.jpg 0,0,637,637,0
fowlpox790_jpg.rf.dfd224fd99c1269e0738e80d1f7b0cd6.jpg 189,0,637,480,0
fowlpox1381_jpg.rf.05a14844e80a49ea53f1a0ade5f4a773.jpg 66,101,453,435,0
fowlpox639_jpg.rf.ed50a8ea981c077c5da75316572c7d17.jpg 256,228,518,621,0
fowlpox610_jpg.rf.2bb42ac9ad528c36901348466c188084.jpg 127,76,575,563,0
fowlpox738_jpg.rf.70d1e365968233e8556bb889aa053a01.jpg 195,64,436,484,0
fowlpox598_jpg.rf.771478816b0d2c655bac7bd8840bc7a4.jpg 132,0,601,607,0
fowlpox258_jpg.rf.84cacaa019c9d3d5638b1f130f2b9027.jpg 0,0,637,637,0
317_jpg.rf.229b6ecb03f8d2b987c8ffdb8139c05a.jpg 275,111,450,308,0
fowlpox1292_jpg.rf.4ca627e95f1fb8d1f8d15c1a593c71a5.jpg 69,115,492,583,0
281_jpg.rf.7eb8094f07cf70d9447f61f311cbac61.jpg 423,240,517,361,0
fowlpox301_jpg.rf.fa2bc8af1a1a43840dc5ceb7efd06cf3.jpg 0,0,637,637,0
249_jpg.rf.ca41d6583abc25b2720bd4708de60460.jpg 258,144,531,459,0
fowlpox503_jpg.rf.670d5280ef4c8486995c1ba759c15867.jpg 134,423,405,640,0
fowlpox1396_jpg.rf.22296870c7a73bc4e3d59713d04430ce.jpg 4,3,531,566,0
fowlpox420_jpg.rf.cf69b3c5b65b4f261fa4fd671bf6f64f.jpg 29,126,397,499,0
fowlpox-3_jpg.rf.4253d54dd3e05dfa3791670adc3de397.jpg 42,30,297,449,0
fowlpox408_jpg.rf.dabe01185ab64d8ff8f52bcc3f21ae8c.jpg 76,42,576,599,0
fowlpox975_jpg.rf.ae08a89da7a1c67bcc61d4dd0e995fb7.jpg 2,92,496,583,0
fowlpox28_jpg.rf.af9c97ca2a8ea8aa260bdef28944a3a8.jpg 96,268,396,625,0
159_jpg.rf.d331bec17443f95ee8f96b0063c9340a.jpg 15,22,422,593,0
fowlpox1340_jpg.rf.8224120d6ccd4fc48c013f43c7242a7a.jpg 0,0,637,637,0
fowlpox787_jpg.rf.8e35b0ce97fb2c5088278346fbe2ca1c.jpg 88,12,627,640,0
fowlpox131_jpg.rf.c675efd455e8f7d43d61e8662f4cc71a.jpg 303,217,453,411,0
fowlpox512_jpg.rf.dfc17f528cff5b3aee33bf333c71329d.jpg 0,0,637,637,0
fowlpox216_jpg.rf.cb57e1edaedb87ff5d688fe4c33d8e8d.jpg 210,144,482,479,0
fowlpox-108_png.rf.ebdfd0720b1e85adf11a851d8ecb9057.jpg 37,305,256,467,0
fowlpox491_jpg.rf.5d6186e5f61275a595dd09e63106b942.jpg 143,1,640,622,0
fowlpox726_jpg.rf.6c55cf1edb190afe5dd96805c18f598f.jpg 285,295,490,640,0
fowlpox164_jpeg.rf.ca1d48e2573a6af63917fbefc17c2e34.jpg 153,360,592,637,0
fowlpox855_jpg.rf.a589b6e2312c54b40c40513d24b57920.jpg 0,17,640,640,0
fowlpox190_jpg.rf.db93267d6f22f649af377275fc30d063.jpg 0,0,472,640,0
fowlpox147_jpg.rf.6881e6a234c930cfe6ca57d8605e8f8e.jpg 221,120,368,408,0
fowlpox1169_jpg.rf.0514a63f5edb92f9937d3f5a18d79fdd.jpg 107,62,397,607,0
fowlpox110_jpeg.rf.6c6f589ce602536e3b133057fbc28c15.jpg 230,316,255,388,0 328,292,389,502,0
fowlpox388_jpg.rf.e87611ba68f6e137ca83955db8f20003.jpg 172,28,571,455,0
200_jpg.rf.464988e651c71dc9794218cf4df8c4b5.jpg 513,217,640,448,0
fowlpox1099_jpg.rf.fdefbaff0980bfe2414c60b8beaeb51b.jpg 0,0,637,637,0
fowlpox1388_jpg.rf.35882cd8e67f8632a925d0b345cf793f.jpg 6,0,637,559,0
fowlpox709_jpg.rf.847917110e78587d47c6bf68ef979457.jpg 312,135,478,271,0
fowlpox287_jpg.rf.0921806cd7138356fba56b8e92832914.jpg 13,71,618,634,0
fowlpox88_jpg.rf.e21862630dda3758c61e979268a85acf.jpg 3,263,76,412,0 117,154,364,388,0
Screenshot-2025-07-05-160424_jpg.rf.98f8e20e0b16a06da7254ecbe6c33640.jpg 74,9,614,597,0
fowlpox992_jpg.rf.422bf3541b59af16e3175bd203ef3fae.jpg 147,234,464,615,0
62_jpg.rf.695e64a77ad59680be0ae5758afabf60.jpg 132,31,307,247,0
fowlpox763_jpg.rf.c55757b2bb13490076e4d2a925e184f8.jpg 100,25,477,502,0
fowlpox1215_jpg.rf.b98ecae83471272c92c389c2ce27fa7c.jpg 115,173,627,637,0
fowlpox-217_png.rf.18096a72682e0e40fa125e67544d383f.jpg 249,41,489,312,0 395,290,583,490,0 291,415,350,527,0
182_jpg.rf.1dc961ff14e45f0f6ab0e0aeca23aba4.jpg 367,84,557,350,0
fowlpox-47_jpg.rf.6157c1f9a027b10590a248ce9dd024ee.jpg 273,280,369,458,0
fowlpox384_jpg.rf.f5201e54b64d72cdb5781ced021f1d12.jpg 0,0,640,560,0
fowlpox737_jpg.rf.5454c8cbb842f5f5923c7b226110124b.jpg 193,73,445,640,0
fowlpox1116_jpg.rf.617adbc999f04a55e77f6483a2f03dff.jpg 9,22,417,505,0
IMG_20240305_121851-removebg-preview_png.rf.867d98780389310f8f77497d51efc32e.jpg 81,236,175,324,0
fowlpox-294_png.rf.1a55bb781b4dd163895c140099857989.jpg 350,106,605,492,0
fowlpox472_jpg.rf.b713cfc1c28be6fb0680d10a99452354.jpg 133,235,559,640,0
fowlpox866_jpg.rf.354dea8ed91a88de8af260bb76570dda.jpg 69,188,284,381,0
fowlpox644_jpg.rf.79a64bf0ade6ae25508ffad5700bc351.jpg 91,0,529,381,0
fowlpox-273_png.rf.4d858fe88dfc6a90123a18f8e947ac0c.jpg 177,56,450,235,0
109_jpg.rf.1511e0015e6ee2ade51df5cab8d9ce6f.jpg 164,6,585,565,0
279_jpg.rf.8c4c732df956c167106daa0399ba8d80.jpg 227,219,432,359,0
fowlpox1301_jpg.rf.45abedb603c9068ace290fdc67a09635.jpg 19,29,547,640,0
fowlpox-11_jpg.rf.8d7261445dfc336dd3aa99afdae7f28e.jpg 345,50,549,529,0
343_jpg.rf.8f1dc62e537fc082217a3dd5d47152fd.jpg 233,192,500,629,0
fowlpox102_jpg.rf.1bea4cdf94f3ffe4660c71cde91412a6.jpg 173,150,315,550,0 307,404,411,557,0
fowlpox505_jpg.rf.6904242a38a44c53095dbae28b8a6d59.jpg 54,76,471,640,0
fowlpox-32_jpg.rf.f03fdfb34244515243d324e4d4fb28fe.jpg 271,52,533,494,0
fowlpox1140_jpg.rf.89ced5fe546b506d8d659b1929490f36.jpg 0,1,640,640,0
329_jpg.rf.7ed8ed22bdd37ae21784597b5de3a153.jpg 69,118,494,367,0
fowlpox149_jpg.rf.d2c4bef0854181fb1c23d0edfd90d6e4.jpg 134,195,347,519,0
fowlpox-270_png.rf.b16949241c70f15763888836607ae2d2.jpg 86,45,425,544,0
fowlpox21_jpg.rf.dea7ce50ada5bb12450b56e9f82c8b24.jpg 0,0,638,637,0 84,104,447,554,0
246_jpg.rf.a0a0b5d5a720f444de537e62f08c58b0.jpg 317,122,549,453,0
fowlpox40_jpg.rf.2e74953bff605293c8df199191e2b9ed.jpg 206,155,267,366,0 252,45,347,87,0
fowlpox62_jpeg.rf.27f75cc09b6bb06262ff8ba5a0a226eb.jpg 199,0,637,486,0
fowlpox1398_jpg.rf.5dc0861b2c7d4374b284a921fbe2b362.jpg 3,42,636,636,0
136_jpg.rf.bfe27b120ef1fc442af94d7b9da75cac.jpg 17,24,622,624,0
fowlpox-282_png.rf.d9a585d8a52c53e88a65a08fd1f776eb.jpg 180,145,540,591,0 365,478,478,597,0
fowlpox450_jpg.rf.34069fcfcf04a335771d86323ea9bc70.jpg 16,0,637,637,0
fowlpox1014_jpg.rf.51b939c2d73d27e23ec5ac2263851302.jpg 0,80,634,637,0
fowlpox897_jpg.rf.fe1b148b39e92cc1e5bc119b971c9187.jpg 251,163,456,394,0
fowlpox1184_jpg.rf.ddd74494beaf496798aa2fc129a70680.jpg 0,0,637,637,0 54,192,374,536,0
fowlpox-229_png.rf.bd09db1a1230da1f4039bb5a537b3ccf.jpg 264,215,465,609,0
35_jpg.rf.caf03dccc34034800b6bc75dbcd37f54.jpg 55,84,386,416,0
Screenshot-2025-07-07-102209_jpg.rf.c73affdce2b3edf6ce892f3b379dccc0.jpg 21,10,640,611,0
fowlpox826_jpg.rf.b44014a224bd4d2d994d3752afff5855.jpg 0,0,637,637,0
fowlpox-38_jpg.rf.fa3f2426a3f90b159bc03cd29164b103.jpg 234,221,327,319,0
fowlpox575_jpg.rf.b9652ae302b2c94b478e53f852e6571c.jpg 151,63,431,310,0
fowlpox1044_jpg.rf.ce19111155308629654b67c9cad5f997.jpg 40,54,601,570,0
fowlpox701_jpg.rf.da5a78dc9ac5bf106899fb608dfa775b.jpg 0,0,627,637,0
fowlpox256_jpg.rf.4f451f299072033fcb98b414f057368b.jpg 9,151,414,562,0
fowlpox1016_jpg.rf.dc583add1f2276e30a3a158f1637b03a.jpg 0,79,344,515,0
48_jpg.rf.56620973c57ddf7c0c2e4a4cac8a4848.jpg 220,334,376,506,0
225_jpg.rf.e68208dad808848a6938ce69d72f582d.jpg 335,67,604,571,0
fowlpox830_jpg.rf.12addfc7c6cdfe310aed2a715ed49ad5.jpg 0,0,637,637,0
168_jpg.rf.6c11e4a3b0592b16e003407522067e4c.jpg 113,154,540,620,0
fowlpox313_jpg.rf.2828ea8ab9bb6e83c809f650fed20168.jpg 202,198,420,440,0
335_jpg.rf.3616a52e5a6c7a5d3bae6747f8aec08f.jpg 230,249,390,475,0
fowlpox1109_jpg.rf.7c72d2f1bb560d3e3ff6f79df63482b0.jpg 11,54,640,611,0
fowlpox70_jpg.rf.f3550822fbf972b18ec5cc314dce709f.jpg 74,58,349,441,0
fowlpox169_jpeg.rf.7a989b0c6bb6a1019fc177907eb83e10.jpg 187,143,391,520,0
fowlpox952_jpg.rf.6a4fed2e6ed9db7efe97b725a1b9e2cc.jpg 96,0,637,470,0
fowlpox214_jpg.rf.9158715a2683bac51b1d092b2b1e3235.jpg 284,149,496,397,0
235_jpg.rf.00131bfe094cfe5b9c2326d915b8fa0f.jpg 95,69,499,493,0
fowlpox-22_jpg.rf.5e4145b57ce03346c18905c637b6585c.jpg 291,89,501,497,0
fowlpox588_jpg.rf.7acb4e7175b981eb2cb5dd2dd71e7d7b.jpg 179,26,617,618,0
fowlpox-18_jpg.rf.f3c41526e7c36b08e4438c9d9884cc4d.jpg 44,21,451,308,0 223,424,280,505,0
fowlpox120_jpg.rf.4fd1b7d4681a6167e7d56f3abbe03d79.jpg 1,0,640,585,0
fowlpox1225_jpg.rf.8e7c69f3931d6604383c5893c7142b79.jpg 0,26,637,637,0
fowlpox185_jpg.rf.72988e44a3a5b517eab1190a026a9778.jpg 417,71,519,169,0 132,329,207,402,0
196_jpg.rf.35f04e1bd09c54081d2f71ca5f5183ee.jpg 232,161,556,356,0
fowlpox561_jpg.rf.0148c17fb2a4960dd5c9392ab794089c.jpg 233,0,636,433,0
fowlpox831_jpg.rf.00e33fdfb5243c2a7d18001112fce25c.jpg 0,0,640,630,0
fowlpox568_jpg.rf.f0e72f6905be914038137ceb127d1530.jpg 27,99,490,599,0
fowlpox1293_jpg.rf.af8d60d19f365e9ce379d61dedaddae2.jpg 0,42,491,583,0
fowlpox543_jpg.rf.4a770f0159f8fed904481300703490da.jpg 84,240,395,460,0
fowlpox1052_jpg.rf.c2b3b30120298edfc7872b79af467a32.jpg 94,0,633,484,0
366_jpg.rf.8445bf0ab0ee577aac2387aceaa6ee5a.jpg 47,36,437,277,0
Screenshot-2025-07-05-175152_jpg.rf.83785a45c48059675199b9180cec8edb.jpg 20,21,640,639,0
fowlpox1157_jpg.rf.e0da6cf3f82d9166c7f28521db49e7ef.jpg 1,80,501,640,0
fowlpox858_jpg.rf.5513c57ced3bbd5df45831ae5530f7b6.jpg 70,97,636,586,0
190_jpg.rf.6f57030e152a249d0842db518b55ea39.jpg 180,289,348,401,0
fowlpox-50_jpg.rf.b8e841d636c47f27ec09a9e337fe628c.jpg 142,211,326,411,0
fowlpox162_jpg.rf.c921067ee802ecda60ef71a3e4d10804.jpg 179,123,317,291,0 360,373,473,495,0
fowlpox1085_jpg.rf.49e6d45c72dcd438d7d03b1353b1c863.jpg 0,0,637,637,0 81,0,354,266,0
fowlpox1347_jpg.rf.114ff7e1a4be9c88feb1f98005b9a209.jpg 52,15,518,522,0
fowlpox215_jpg.rf.261dfe20e0b053ac1de1531ab4dfa91b.jpg 211,137,450,456,0
189_jpg.rf.148f830bed7ea9437f3f6857b3f1c3b4.jpg 297,304,496,630,0
119_jpg.rf.6693a3b60caa8108a36353583ed8e640.jpg 33,0,381,410,0
fowlpox373_jpg.rf.be5cadc0bb636a4ed886732b5f8bb4a1.jpg 0,0,618,608,0
fowlpox-16_jpg.rf.2b644543eee2eaa33b1c12e393290906.jpg 69,4,440,540,0
fowlpox962_jpg.rf.2e2bb079e0a1603078f47f91cacfdd37.jpg 22,17,478,376,0
fowlpox1026_jpg.rf.dc02ed57ec57e8b4ac31760f81fa1507.jpg 132,27,563,563,0
fowlpox1021_jpg.rf.86e2f55f2882729147dfd3b467e027c9.jpg 155,28,498,552,0
fowlpox68_jpeg.rf.1f5955788a72d039ed97c767f62f7c1e.jpg 0,0,609,574,0 121,128,356,408,0
fowlpox964_jpg.rf.075cc31417d6ad91156fe8a5a62df0ce.jpg 9,9,564,640,0
fowlpox1378_jpg.rf.1aba36a19c4b20650e73a883f9874179.jpg 57,40,497,564,0
fowlpox558_jpg.rf.d409d8ab1809484712ce22436f46a777.jpg 0,3,637,637,0 207,131,588,518,0
fowlpox-283_png.rf.a2fa3b3a9a62fd0f3b7e98f88563df63.jpg 219,97,640,331,0
fowlpox386_jpg.rf.8591a420406b0075f9bbb5218a800e0d.jpg 250,75,576,456,0
fowlpox58_jpg.rf.8df579bf7074204640d8a2a76f0414a1.jpg 145,61,496,403,0
fowlpox21_jpg.rf.1c2102708ec584415fea84718533af17.jpg 335,212,454,306,0 106,328,205,422,0
fowlpox677_jpg.rf.d5db6b22ab44e684b3b673356e055e52.jpg 223,0,468,193,0
fowlpox-288_png.rf.9936c0d2887ddbc4e37cfca5ce3c2ed6.jpg 99,86,306,243,0 383,209,437,263,0
79_jpg.rf.fa89fb3e77dffb5ab819a1ccf65d6ee4.jpg 244,71,485,430,0
fowlpox-27_jpg.rf.5ed422b0967d3ba4ad12a8029a88c7b2.jpg 68,152,287,358,0
54_jpg.rf.8b440c318145f076c5a872743e445d30.jpg 30,214,399,441,0
fowlpox168_jpg.rf.e67c3e8f57096d3e2e34795b8495776c.jpg 0,0,391,633,0
fowlpox328_jpg.rf.61b1ab28407aa99468d4a2db576b4597.jpg 144,0,637,483,0
fowlpox1248_jpg.rf.027ca309fe7e09c5a69d236390c8afac.jpg 15,81,631,607,0
74_jpg.rf.0d572f9b23a55d36a9324a1750ad1693.jpg 253,138,571,437,0
fowlpox184_jpg.rf.04786194e5a6be2082e15d521f806fac.jpg 542,9,640,193,0 539,295,599,408,0 174,532,616,640,0
41_jpg.rf.be513f359dc463c98fb54623c8448b90.jpg 143,116,437,636,0
fowlpox344_jpg.rf.84ee9c64cea81be08b8a114b9027d001.jpg 51,403,414,637,0
fowlpox555_jpg.rf.d8e29c1c920b073071a9148f8c77806d.jpg 224,200,575,493,0
fowlpox211_jpg.rf.76466a00d6d6f3580c40a93fa75c9115.jpg 217,145,440,457,0
fowlpox743_jpg.rf.4d52f13ef39e4e9645905eebc94ee553.jpg 41,190,581,595,0
fowlpox840_jpg.rf.10a9014e22255696ac17e8b2e57e5f89.jpg 71,101,636,640,0
fowlpox-291_png.rf.ddef67f8b2dad9a63d220ea6c1236aae.jpg 65,48,471,198,0 345,240,541,356,0
Screenshot-2025-07-05-155842_jpg.rf.3e90b35231d3d2b3fba6a20f298be4d3.jpg 27,27,640,613,0
fowlpox1104_jpg.rf.fcf7bfbf60ffd42df7b39b62c3228d5e.jpg 0,0,640,640,0
fowlpox1101_jpg.rf.94c6c708c5abced97fd51aa95008be9e.jpg 71,71,639,640,0
fowlpox969_jpg.rf.f3d7736f0ba62fd6674b68b8dc784133.jpg 5,399,483,640,0
fowlpox229_jpg.rf.575ef4e7f09dd8650dd6e3f6318a02a3.jpg 37,97,525,545,0
362_jpg.rf.e26396560b5a120e22654cb39a88f066.jpg 70,96,284,582,0
185_jpg.rf.35a9eb0e9761b32b7b00e3ecfdb20a30.jpg 132,154,387,312,0
fowlpox652_jpg.rf.ed09c2bbdf28b7edde7f4d3ffa029258.jpg 257,131,410,282,0
fowlpox479_jpg.rf.2d71719a20df2a6bfceca11b45cf2209.jpg 0,13,640,595,0
fowlpox1090_jpg.rf.62c95b140bd0b758984cb5a133c9e280.jpg 42,182,424,506,0
fowlpox1053_jpg.rf.5bfd8ccbc55065ea9fe3406a198801b5.jpg 120,5,637,480,0
fowlpox1312_jpg.rf.05f040cf988d56337ae9fd6f5d761ceb.jpg 294,103,536,346,0
seeds03pix_jpg.rf.d6c29d041ca9af9356f4cc5e7f695d9d.jpg 197,49,526,525,0
fowlpox541_jpg.rf.ffd9b622ceef35ee5606b7317459bc07.jpg 195,216,476,474,0
fowlpox494_jpg.rf.587c2cd989130d302de7fcabee9dd362.jpg 74,39,624,615,0
69_jpg.rf.e997abca397475df25b9e70dcecb418d.jpg 450,171,533,244,0
fowlpox1252_jpg.rf.e4bdc0ab059b4b2eff2cff4d19ef461b.jpg 49,29,640,636,0
fowlpox-214_png.rf.a16ec7676479f334dc88c5854d3d01c3.jpg 23,71,590,470,0
fowlpox17_jpg.rf.ec177221a328e7773f445b85822fd1f7.jpg 321,149,426,229,0
fowlpox-206_png.rf.bd67cd6cdb8fc35c630a319c8ccd638c.jpg 500,298,620,413,0
fowlpox30_jpg.rf.b0b1b894ce2d4bb68393650d8289cedd.jpg 250,79,387,198,0 285,218,424,409,0
fowlpox-48_jpg.rf.513ade237354f2886e56ee53194eb337.jpg 252,348,357,501,0
fowlpox218_jpg.rf.205e776eb2e2196ca1685973ee1852d5.jpg 251,247,587,611,0
fowlpox158_jpeg.rf.4e33e06c51c968c365f1c0c38dce6b27.jpg 429,196,593,495,0 54,138,307,534,0
11_jpg.rf.cf8019fc56671d6cf5fb8dc9e2cb8fbe.jpg 244,140,435,282,0
8_jpg.rf.23273d222c7172cc30bf5ac3df6200d9.jpg 195,250,562,550,0
Screenshot-2025-07-07-102256_jpg.rf.c7d023bd05bbc66087d0d6b8478fed7d.jpg 13,22,640,601,0
93_jpg.rf.ff4a2675ebc40dc9fac56f81375a0621.jpg 268,111,529,357,0
fowlpox-33_jpg.rf.a325939c7bdd72a8c29f0e7aca2c8e1a.jpg 177,101,591,507,0
fowlpox75_jpg.rf.867740179414890014a10cbae2f97b0a.jpg 92,282,420,640,0
167_jpg.rf.eac2c00060237519c3216367643e4eb5.jpg 162,26,532,567,0
fowlpox1050_jpg.rf.fb8ffba12b755d0d1995ea6da083e0fb.jpg 44,34,586,623,0
fowlpox1351_jpg.rf.2c55b62c6a48f5c027046df8c2b3528e.jpg 15,34,637,617,0 195,326,556,591,0
fowlpox69_jpg.rf.b2e770000cd95a2648276d6da41ceb25.jpg 0,96,336,567,0
fowlpox548_jpg.rf.a7c10ba590c68e13c90848b39737339d.jpg 0,0,637,637,0
29_jpg.rf.f552fc235fa532573f56f83bffc699ff.jpg 260,282,430,472,0
fowlpox587_jpg.rf.876b67b19e7b82d2fe336503228759e5.jpg 143,13,615,625,0
fowlpox1161_jpg.rf.156b074b362c06493e1ae5939a1ea78b.jpg 187,111,640,597,0
158_jpg.rf.7983cc64c30b0e4cf5e3d5a48e48b8d5.jpg 0,17,586,594,0
fowlpox8_jpg.rf.69277bf8f3948488f8de53c88606762e.jpg 310,0,488,251,0
36_jpg.rf.8806e41ffdc8d0366318ef30e86afe1b.jpg 232,4,386,108,0
fowlpox20_jpg.rf.8e33f587cc03225ec9f7262a06d0dcee.jpg 0,0,638,637,0 9,11,454,546,0
fowlpox1105_jpg.rf.0282e37af87c7bbeee2d87faa2e1d9d8.jpg 29,55,640,599,0
fowlpox526_jpg.rf.48d6c4571255c368dd41e0a21cd3d2bc.jpg 238,194,635,537,0
fowlpox170_jpeg.rf.20198ccf864be36aa8b0888a0e511c60.jpg 156,106,637,637,0
fowlpox178_jpg.rf.77874ba88e22c28f9cbb0efe6d1f9186.jpg 19,168,394,640,0
fowlpox122_jpeg.rf.ea314c5cc5405ed061d33e66639efc59.jpg 13,56,519,640,0 270,412,496,640,0
fowlpox109_jpeg.rf.852cae99d628309f1305404e04a5a13c.jpg 138,270,269,448,0 381,287,425,371,0
fowlpox-29_jpg.rf.06dabd3a9e7804da3505d1c971aa69b6.jpg 254,279,417,474,0
303_jpg.rf.0a2ec28e6bf55b8c6658281d523edd2d.jpg 207,198,400,515,0
fowlpox1065_jpg.rf.be5cbba823506efe36232bfa456d2546.jpg 163,227,341,376,0
fowlpox1222_jpg.rf.468b4d86bdfc8e099ad150b6b6944ec9.jpg 153,52,469,523,0
fowlpox664_jpg.rf.d764e737cb5ea1a85050e7d6bf2f4467.jpg 97,208,344,368,0
89_jpg.rf.903f44693f352a790b163cd698807faa.jpg 303,97,568,502,0
fowlpox1228_jpg.rf.1a369035bccc9bde5b0e0a97f7335c01.jpg 0,57,371,573,0
fowlpox1102_jpg.rf.87791b2045661f9b983d410fcd870ced.jpg 86,64,640,531,0
fowlpox422_jpg.rf.e83a06ed1d522c4dfe5cab161232ac9f.jpg 167,173,628,630,0
fowlpox-299_png.rf.dcda046a47892ef4c4be56c6c14fde02.jpg 0,7,581,591,0
fowlpox291_jpg.rf.91a07b2821e35f6d5580e80940ba7bcf.jpg 192,119,614,538,0
fowlpox360_jpg.rf.e3c9b1efd5a7b1bf08dce1b3b4a6e936.jpg 0,0,637,637,0
fowlpox159_jpg.rf.d58e5b92fd2fa80c852aaa181da8056b.jpg 52,134,312,571,0
fowlpox36_jpg.rf.13fbc1e568376c117ba0bbd23b60b988.jpg 18,161,482,541,0
10_jpg.rf.66501ce0a70e3d3c6daeb262a1d88794.jpg 367,81,628,519,0
fowlpox252_jpg.rf.3161ebc40024cab9f965c7580411bc2f.jpg 0,209,197,464,0
fowlpox1328_jpg.rf.8dcec992c7a5d421aec5900927e860be.jpg 166,170,637,637,0
fowlpox986_jpg.rf.ab2de6bdcc7bc8a563cf3f7051094802.jpg 322,168,597,466,0
fowlpox759_jpg.rf.7f5556044d064ce96e269c12aaf85f96.jpg 0,0,637,637,0
179_jpg.rf.2051f066bc79642307390c6f87deb085.jpg 78,237,178,368,0
fowlpox1277_jpg.rf.46afa94923ecb21485b6981d1058ed6d.jpg 49,0,560,608,0
fowlpox608_jpg.rf.4585eba8783e6cd71ce1bf80f05c0437.jpg 128,79,556,549,0
fowlpox550_jpg.rf.97c570addc1e7006a71a907b1c749722.jpg 74,0,640,578,0
fowlpox879_jpg.rf.609b8ac9588103fae0ab35b6b3e11370.jpg 287,95,481,306,0
fowlpox609_jpg.rf.c3ab03ca7774c05f7864fd16473ea391.jpg 144,88,561,556,0
290_jpg.rf.cbcda95aeb0dea9290fa8ebce4bcf323.jpg 247,311,467,462,0
fowlpox524_jpg.rf.a4498e13dee1352d131ff6ac0797c5ea.jpg 141,118,634,605,0
fowlpox1036_jpg.rf.ac44bb25a7795bcdd3f5d39931bbb7f8.jpg 81,244,463,604,0
fowlpox-15_jpg.rf.6fd5929dc17894927bf0d1118cae20d4.jpg 55,91,432,487,0
fowlpox817_jpg.rf.74a287cb1b32da4740ae58776998c6bb.jpg 261,273,414,481,0
fowlpox101_jpg.rf.8f0df02f718ba9112ab8d2cbd307d225.jpg 155,3,638,637,0 151,54,425,579,0
fowlpox604_jpg.rf.73b32841a53b1140bf971a009c7ff833.jpg 0,402,323,640,0
fowlpox260_jpg.rf.e8ad06408dd23febfa1fea80f36a745f.jpg 0,0,614,611,0
fowlpox861_jpg.rf.e03213d0cb1a3ee69286354f3be66068.jpg 0,48,451,442,0
fowlpox123_jpg.rf.7e5fe90ed0a86cf2251ab724a683cbaf.jpg 0,0,637,637,0
fowlpox928_jpg.rf.6927a82feab8020e0116921f005c038a.jpg 0,150,384,637,0
fowlpox364_jpg.rf.2c9d0024a062c3ff044d117b8da07ed8.jpg 278,39,637,594,0
fowlpox1013_jpg.rf.8d4aa9052cb250d33e392357192d0bc6.jpg 60,83,640,603,0
fowlpox814_jpg.rf.5ebbdd053a42edda93ea39a9346a8323.jpg 0,0,627,637,0
282_jpg.rf.588eb7a04693d16058545fc42a449e45.jpg 403,261,499,334,0
fowlpox1007_jpg.rf.06c82e4acd5ccc0f6f39b4a8a32eb975.jpg 0,0,637,637,0
fowlpox1318_jpg.rf.96126909c27b1b9f667667e596e788b8.jpg 128,51,637,640,0 455,365,640,595,0
fowlpox1033_jpg.rf.5b7d5189ade58a3848114abb5bc74b14.jpg 0,0,635,637,0
330_jpg.rf.be0ec40e41e3c30846a5ef6f5689672f.jpg 147,89,525,573,0
302_jpg.rf.6b6e40a98cf67298d5af325699f160ef.jpg 157,57,450,441,0
fowlpox758_jpg.rf.2713c9da4ae05cb04e9e9d83534b20f1.jpg 0,0,637,637,0
fowlpox32_jpg.rf.f9b97dedd7a963b5cff141056f35cb25.jpg 0,0,638,637,0
fowlpox-280_png.rf.7aa662341a72cd2d5afea45ccf9dddc2.jpg 41,262,404,493,0
fowlpox910_jpg.rf.a3d2b53da7b67ba1539e319cc12a8539.jpg 6,324,471,561,0
fowlpox689_jpg.rf.687b8df2858ba63d171d91d7fd02fc4e.jpg 0,0,618,477,0
Screenshot-2025-07-05-160826_jpg.rf.0ecea2aaf32a7ea933fc6224687ba669.jpg 32,39,638,640,0
fowlpox945_jpg.rf.d12d30657ed64690d4956ec0c9df1db5.jpg 152,192,563,627,0
fowlpox1294_jpg.rf.b29055e0165c5e9be32b5d3c878d5787.jpg 0,279,491,579,0
fowlpox109_jpeg.rf.4246642654fa9425ba76d6738c5f4fbe.jpg 92,95,573,640,0 318,296,441,402,0
fowlpox249_jpg.rf.7d58b3a9090e6d7fdd66e695eb70ac3d.jpg 19,3,499,430,0
fowlpox635_jpg.rf.8e1400cfd24eae1625971d6ba13a94ad.jpg 0,54,531,637,0
164_jpg.rf.418b0edf496d649fe43b4441dec643b1.jpg 72,127,405,391,0
fowlpox1344_jpg.rf.92f96d8124675390709058ae3f1a0bba.jpg 39,28,637,604,0
fowlpox72_jpg.rf.ada490e8e7ed2092602fb4338d18fe8e.jpg 339,25,552,207,0 171,207,449,503,0
fowlpox113_jpg.rf.885131130992e096ccab830c865001f3.jpg 377,285,431,369,0 133,275,273,429,0
121_jpg.rf.9fb5c49d36144e9b380be196e3399965.jpg 38,98,458,616,0
297_jpg.rf.540458db58673ec22c940f6e227578cb.jpg 354,174,423,213,0
fowlpox-216_png.rf.89b3cbaf1fd7990a23ce7f26c9892d14.jpg 269,118,511,392,0
fowlpox809_jpg.rf.680ed9cd3cf056deae16ee14125d23ac.jpg 0,0,570,640,0
fowlpox44_jpg.rf.f2a26c1907badb988018677a4dc993f7.jpg 62,0,327,467,0
fowlpox-31_jpg.rf.d6d0bffb069b4ae3adf92b2e517cb9b3.jpg 75,1,613,482,0
fowlpox434_jpg.rf.c180958d3474ffcdc09cc5a70da3daee.jpg 0,95,554,633,0
fowlpox713_jpg.rf.2c2ddf73c139d9bf8bac6d5c1732bdc7.jpg 117,96,495,270,0
103_jpg.rf.73cca86bff1b6405803e65a2912cb036.jpg 108,22,629,601,0
fowlpox1226_jpg.rf.fb9c42d636e966f252bdbaacbf682f16.jpg 0,14,522,619,0
fowlpox116_jpeg.rf.6db31fdf00a6a6151e6960b0a32f7635.jpg 28,78,640,472,0
fowlpox676_jpg.rf.9ffb9d40c5c430ea4bf4f002c5dedcc6.jpg 256,3,472,227,0
fowlpox1034_jpg.rf.1a523d78f4920230ce6ac247d3df172c.jpg 90,237,443,601,0
fowlpox66_jpg.rf.18d65af42384760d08dd2799d15bd3b3.jpg 18,20,600,596,0
fowlpox1268_jpg.rf.e1f04e733d85aeed0cf85fb5fe198295.jpg 0,58,637,624,0
fowlpox-278_png.rf.5334a40ab8c873aa1e611cd4102ced66.jpg 182,37,272,159,0 258,198,584,526,0
fowlpox781_jpg.rf.e64fe3952963a640f28918c61680feb0.jpg 0,0,640,640,0
fowlpox241_jpg.rf.d0813c15829fb95b2295e7188c538475.jpg 8,19,565,524,0
fowlpox958_jpg.rf.dc5a8daa80598f0ace65984b693c396b.jpg 289,242,507,434,0
fowlpox775_jpg.rf.f242726001832e36f5bfb30eabf4475e.jpg 0,0,637,637,0 143,0,466,456,0
fowlpox1363_jpg.rf.36ad1acaf51c538c7230f839e7ef5472.jpg 106,90,571,514,0
fowlpox1172_jpg.rf.74da50a73dbc51b079e0446ee94c1f3b.jpg 58,212,419,567,0
fowlpox36_jpg.rf.fa43b3cfb3e6fb9c5188cbb9319bbea5.jpg 0,0,640,640,0
fowlpox-227_png.rf.c9a9156f0fbad6ef6382dde46e2b5bd5.jpg 20,166,391,566,0
fowlpox14_jpg.rf.6b31f599a32231bd7db4e601c1fa2d9c.jpg 253,347,390,452,0
56_jpg.rf.aec666a0a2a51374496fa68afd3a502a.jpg 183,114,311,213,0
Screenshot-2025-07-07-102404_jpg.rf.1413d7726e3ddc53084c234fa5bc15d0.jpg 6,1,640,640,0
fowlpox1133_jpg.rf.b9708d9068fbe61f01444ee0e8bf3349.jpg 156,20,640,542,0
fowlpox114_jpg.rf.908d8e5e9e9a22bfeafbede0a17aa772.jpg 130,272,253,443,0 373,297,433,377,0
fowlpox189_jpg.rf.3e3b383d1f31e53679bbab759ee4eb6a.jpg 22,22,463,582,0
fowlpox435_jpg.rf.cb88807940a5acf61bd3d1bc2a14467e.jpg 0,92,545,640,0
338_jpg.rf.1b31897aa4f9fb1d8a34e08a2e0e6f1c.jpg 54,139,513,386,0
162_jpg.rf.34b28f8d1ac32376e32d52ce272fa342.jpg 147,191,392,492,0
fowlpox46_jpg.rf.5ed359bd215120df586c51a8f1348641.jpg 110,0,316,442,0
fowlpox396_jpg.rf.9842941ac6afc52853caf0149d5d284c.jpg 69,156,630,618,0
257_jpg.rf.ee6f83adc2d8f294459268105c35e130.jpg 190,174,442,396,0
fowlpox7_jpg.rf.c5bd2a487c5d7473426bd07367fa4b63.jpg 313,31,509,278,0
154_jpg.rf.8d2e0120e62b47d8d9e80f57c8939906.jpg 100,144,601,569,0
314_jpg.rf.c934ffb263c1099885731caa2d964334.jpg 277,304,332,376,0
fowlpox45_jpg.rf.abc04b07f050cfb3c306aac2068f03cb.jpg 48,0,352,453,0
Screenshot-2025-07-07-102452_jpg.rf.21656bdf52353089ec9a8cbb2abccbc7.jpg 6,2,637,640,0
fowlpox49_jpg.rf.5a2a46230e2e4ffe45209eb2629aa0e6.jpg 473,230,640,382,0
fowlpox813_jpg.rf.4606b65efb9179dbd4cc3b431116a3a4.jpg 0,0,637,637,0
fowlpox160_jpg.rf.0ef6f89c7a1cf600b97e8bed95b3a822.jpg 204,217,302,339,0 433,297,575,458,0
fowlpox1054_jpg.rf.e6d18204f4e4cf66deafd407ab04bcb2.jpg 87,4,631,498,0
fowlpox429_jpg.rf.18d98fc132eebcdd6dddded53c2b175f.jpg 181,0,636,411,0
fowlpox629_jpg.rf.663d39017de5d6a6d0f05a22974346c4.jpg 0,0,414,500,0
fowlpox185_jpg.rf.5025825030725b743779a3664d028869.jpg 50,19,596,639,0
293_jpg.rf.a33cc2065d79433ef1dd31bf61eb3c7c.jpg 40,221,437,477,0
372_jpg.rf.aa3501f6198df6ef96a9afdd538b484f.jpg 202,33,579,426,0
fowlpox1345_jpg.rf.addfdf958eacbfcd1a547e714691a564.jpg 0,6,637,637,0 0,189,542,613,0
fowlpox-42_jpg.rf.3c6712f6fc3359a33a3a742a39f8763b.jpg 188,102,399,253,0 154,312,317,433,0
fowlpox1135_jpg.rf.87edff7031570c36e54380c6cdc1edc8.jpg 22,0,637,637,0
fowlpox303_jpg.rf.6bacbceb0c228eb08c3dbbf6db1c7497.jpg 0,0,640,640,0
fowlpox202_jpg.rf.c29e33d2fa9fb58bc0dea8fd74aaeacf.jpg 95,15,253,443,0
fowlpox755_jpg.rf.396b9db4a363886dc45ae8248c709e72.jpg 43,0,618,640,0
fowlpox-205_png.rf.7b883ff928ba8019ddaa0c659dbb5bf0.jpg 371,200,625,587,0
fowlpox427_jpg.rf.543acc1110b024ad0ac332094b8e0717.jpg 0,0,614,637,0 150,55,630,560,0
230_jpg.rf.6d042cc0c97b9c65741821902f6ea06f.jpg 195,28,640,446,0
fowlpox1042_jpg.rf.060c9a416e4b87ac3c392ac956e14610.jpg 13,24,608,529,0
fowlpox99_jpg.rf.3feb1b2941ed3dedf021a2592d3c6802.jpg 38,51,309,535,0
Screenshot-2025-07-05-161320_jpg.rf.62b88d92406cde63c3bc1d30c6eb8524.jpg 30,26,565,560,0
fowlpox478_jpg.rf.92ce6858dd0cdf06c6a3c9e5c2490ac1.jpg 0,42,438,492,0
fowlpox-292_png.rf.bc0040b388fc31675e5b9b12133ef9e8.jpg 279,20,462,104,0 425,119,507,192,0
192_jpg.rf.fd16af197decfc6471516d66d271697c.jpg 310,156,480,369,0
fowlpox734_jpg.rf.f8cc9bc9125b94870b47e6a06b987d5e.jpg 10,0,458,482,0
fowlpox1032_jpg.rf.c807b5909172868c6d53f2158898c62b.jpg 205,249,565,576,0
fowlpox464_jpg.rf.c8019b2f0911b2618b2f3e2fc09fc129.jpg 164,167,576,445,0
fowlpox704_jpg.rf.4d23a369cc2d3031dc757137ecd31e1b.jpg 163,208,440,468,0
fowlpox130_jpg.rf.8fb7a4c4c2b9b989463265bab57e0ef2.jpg 192,224,540,494,0
fowlpox516_jpg.rf.d17b7b820ddc2298466482316776ebf3.jpg 87,0,615,576,0
349_jpg.rf.b300d13ea057279225e343886e67098f.jpg 238,151,407,289,0
fowlpox1148_jpg.rf.e75a1d47f0c27653b0021b396879ffdc.jpg 150,0,423,216,0
fowlpox266_jpg.rf.0ce4297c6379abf50a13416ea10c045c.jpg 0,127,534,637,0
fowlpox-20_jpg.rf.cbb5e94f24fdf7119e922180fc4f40ab.jpg 187,258,489,413,0
fowlpox583_jpg.rf.8ae85664451882507bcdf750a04c0e1f.jpg 173,13,617,619,0
39_jpg.rf.cc1dc294912f4684b2fc57199f63b7af.jpg 222,117,287,183,0
fowlpox496_jpg.rf.b74356ed5a933499caeb265395a73ea0.jpg 70,30,640,569,0
fowlpox566_jpg.rf.5813f1fcfcf4bf56ac606288ee9363c5.jpg 39,111,483,586,0
fowlpox272_jpg.rf.1921c132c326f2923cbe7ec3084c2347.jpg 0,0,637,618,0
fowlpox489_jpg.rf.55584a7e216e0a79ccf199118eaa4746.jpg 0,91,529,637,0
116_jpg.rf.9090dbc663d22d8e5649e06356d01062.jpg 355,156,494,497,0
fowlpox196_jpg.rf.f726b47a032daab72e4e87f8d3202138.jpg 24,267,310,615,0
fowlpox446_jpg.rf.bf367b2fd7da2bb7f6d24b7537e13678.jpg 57,0,427,302,0
fowlpox179_jpg.rf.1035e9cb475030298791f7e0947b0cbe.jpg 49,84,421,589,0
fowlpox181_jpeg.rf.848f49c8db2ff7c23ce87e8fa2f71c73.jpg 58,31,637,637,0
Screenshot-2025-07-05-161815_jpg.rf.e02677037154557c8ce514254531182a.jpg 65,66,640,620,0
Screenshot-2025-07-05-160716_jpg.rf.44676a944c4d39d4073e84b400b99d62.jpg 78,23,458,433,0
fowlpox884_jpg.rf.44b3256345d37477bc838cf9b3e9959a.jpg 281,219,563,464,0
128_jpg.rf.e3f9a3e38052ec557d3f76d0e0a566b8.jpg 135,292,640,559,0
fowlpox626_jpg.rf.a919f4050234070a4cf57f2268d24b10.jpg 16,0,637,637,0
fowlpox1374_jpg.rf.53ef6740b059f28624127634719a5485.jpg 238,212,446,442,0
27_jpg.rf.ba43d584b753b918d2982a51c4af8841.jpg 113,117,188,323,0
fowlpox58_jpg.rf.9db3aa4b1caf2c14f4389830ddfbf7a4.jpg 191,95,464,399,0
fowlpox1371_jpg.rf.7db9a7080fdfa8d7164aec3d0e6aba73.jpg 111,242,361,504,0
184_jpg.rf.b01bb07eb940e0e1a69334a85ef02279.jpg 154,286,324,535,0
fowlpox323_jpg.rf.b0790f0dead9e3997fa662d25f6eea60.jpg 0,141,637,594,0
fowlpox74_jpeg.rf.26cbbd63bbfc4d5d0a439607e53a3d2e.jpg 95,14,638,637,0
fowlpox1139_jpg.rf.d823c5225cb857c5c991923a00cf8c6c.jpg 22,0,637,637,0
275_jpg.rf.ba6eb2e6fff5dbd555c9690444db926f.jpg 140,174,299,411,0
fowlpox618_jpg.rf.af0b266e59cf380045d12b1b33d86fab.jpg 89,38,590,612,0
fowlpox1108_jpg.rf.8906f82124888f541aca552f11b77bc8.jpg 81,99,438,441,0
248_jpg.rf.7cdbe8a37b5d678bc69b6d57d89af190.jpg 307,131,510,389,0
fowlpox-12_jpg.rf.a7e5249f19c5e91f37ed0dedaf78f3e3.jpg 268,120,393,279,0
fowlpox696_jpg.rf.d64332d4bd58a69781723834d8afdcae.jpg 0,181,287,435,0
fowlpox1377_jpg.rf.45793610eb94fe7758c86da8881e9206.jpg 76,50,504,484,0
227_jpg.rf.697ad3fc2ae9f022192e4823611737df.jpg 74,204,346,523,0
fowlpox145_jpeg.rf.5f129f94a2874f83788ab699b90f1916.jpg 122,179,325,504,0
fowlpox957_jpg.rf.eac58c1218377e7f4ae6ffb20cf099b3.jpg 0,0,637,637,0 241,221,480,440,0
fowlpox50_jpg.rf.cae82730130639f0c3ee625d12a6c28f.jpg 0,76,200,316,0
71_jpg.rf.d8176ae943f41c76b47682e9d439a4cb.jpg 355,246,463,493,0
fowlpox843_jpg.rf.3ee187a47b2f8d10b50ae6eb24b45bfe.jpg 0,0,640,640,0
47_jpg.rf.b9650f0ebcf487ba394a3e82e0a3668c.jpg 247,260,393,480,0
fowlpox-110_png.rf.83da5a3193bbaa2757608aaf944bee5c.jpg 35,73,264,201,0
fowlpox1357_jpg.rf.66812afcc8eb312368a3f8929d3aca10.jpg 0,0,637,637,0
fowlpox622_jpg.rf.6af234141fa2f192e2718b684cfaa3a5.jpg 227,154,436,420,0
fowlpox33_jpg.rf.cf80e41ddb02834a2e942791bed143bd.jpg 0,0,638,637,0
fowlpox207_jpg.rf.294e7cc1ea9b0aa4ad065bb179da7ec0.jpg 0,62,452,630,0
Screenshot-2025-07-05-160648_jpg.rf.ebc9484dbfcdf989575e1cb6666b3753.jpg 23,3,640,640,0
fowlpox30_jpg.rf.6b27fed63d81b366bd26feb13c9dff51.jpg 218,88,458,638,0
fowlpox276_jpg.rf.e046349044ac69ffbae4534ed38ed181.jpg 0,0,431,549,0
231_jpg.rf.3bb25d40c2720b47fd052d145b85cf44.jpg 287,64,589,445,0
fowlpox-208_png.rf.693d5688c8aaab5e07bdc21ab6d33b43.jpg 223,48,603,362,0
fowlpox982_jpg.rf.56887c1c9e9ca1f716aac8eae1f52e7e.jpg 138,121,245,240,0
fowlpox223_jpg.rf.2d510ef2134ebf69f0b4f460ae01813f.jpg 6,22,637,637,0
fowlpox-222_png.rf.1f3da0147bf4dc605acfedc9be2a8fb4.jpg 207,67,530,367,0
fowlpox1001_jpg.rf.75e1bcd046f1d5911ed2da9b9b535c56.jpg 0,0,637,637,0
fowlpox12_jpg.rf.827d214e8aca5b7afbb372bc6bbb55db.jpg 287,17,520,362,0
fowlpox607_jpg.rf.5b2179c8b6dea93b3cf27e6eaa3465ff.jpg 148,40,526,462,0
fowlpox-300_png.rf.b8918086f3df6dadcccbbcd656a8705c.jpg 33,47,432,379,0
115_jpg.rf.c8b02f36d51cd9c8dc1c4b6edb2a35e2.jpg 323,162,468,627,0
fowlpox366_jpg.rf.14a0035fdbb6a68b3b3f56b35f270e23.jpg 29,87,559,548,0
fowlpox581_jpg.rf.9883b09b17309caaf7f00613ea9c6438.jpg 278,67,530,241,0
fowlpox1037_jpg.rf.593234583928de6f0b5f067b8a760e22.jpg 0,0,640,640,0
fowlpox498_jpg.rf.c573cda525c1de7e8af0332f8abb4906.jpg 90,61,637,637,0
Screenshot-2025-07-05-155656_jpg.rf.680fb26b24f0f6d2994fc847c7c64953.jpg 18,36,640,583,0
fowlpox417_jpg.rf.f7995c958543c4ca0468eab0b1297bbc.jpg 141,182,557,637,0
fowlpox1041_jpg.rf.1f1b4056f4a400432db5c063c270c61d.jpg 56,55,535,537,0
fowlpox615_jpg.rf.1f0eb2afd7ab7ff5be25f09dfd42b4f8.jpg 133,135,640,640,0
fowlpox1257_jpg.rf.75c17bc0470ba71deb16fc9d11613edf.jpg 75,114,272,274,0
fowlpox825_jpg.rf.00ec495a4d87f83a5a1c257d79cc7c5e.jpg 0,0,637,637,0 202,84,640,541,0
fowlpox510_jpg.rf.a8bbf1e9107bb3fbd3afcc47d15824cf.jpg 63,66,490,612,0
fowlpox225_jpg.rf.1e383c3f9e3ec47bf606187cf1f9c0ef.jpg 124,60,541,427,0
360_jpg.rf.5f9ba119e6502f1fecbad912d54311f7.jpg 85,91,640,577,0
137_jpg.rf.0a9665a4889ad4eef5cb22ab7c36ab5b.jpg 170,55,512,640,0
fowlpox850_jpg.rf.5fefa1cd1304335a1bda8c9db8827524.jpg 55,176,404,540,0
169_jpg.rf.e3d2ff4012967c6580eb9b7115cd3fd3.jpg 523,113,640,355,0
fowlpox914_jpg.rf.550a2fa25903270105da970eebb3100f.jpg 123,287,432,620,0
fowlpox1131_jpg.rf.00ac7cc2b9ff74e7ac6ff60429dbf74a.jpg 197,9,542,400,0
fowlpox65_jpg.rf.bffa9c28104598c81de6751a62b495d5.jpg 47,54,612,583,0
fowlpox440_jpg.rf.1779e627eda05d6f49c27e213a923eb1.jpg 426,172,640,408,0
fowlpox391_jpg.rf.39febdd738182a80825e70d09dd69c20.jpg 50,179,640,615,0
fowlpox-215_png.rf.22b7a2a4f294b124c1e8c9f27a8f4e7d.jpg 202,315,640,584,0 204,32,330,164,0
fowlpox68_jpeg.rf.fd26de3c98d7d996561e8de88470ceeb.jpg 0,48,449,585,0
344_jpg.rf.896a86ba922266abe63e742f38a7aea9.jpg 20,274,416,530,0
370_jpg.rf.ac6f2dce7e27fa138c715116a7a793c5.jpg 164,9,616,400,0
fowlpox1003_jpg.rf.8f2cee63bd645c0b5355c2343db6c546.jpg 57,15,419,589,0
fowlpox849_jpg.rf.045769a1a35c8644c67ec723f974ded5.jpg 79,174,366,506,0
4_jpg.rf.639ce5e4c27cbaf05c325ddd5d16b51a.jpg 327,65,571,590,0
298_jpg.rf.0706a973d45bf1d169eb4978c5b06e0b.jpg 237,52,349,235,0
fowlpox3_jpg.rf.89c0d3a765eacd483808886565f15a8c.jpg 320,0,633,411,0
fowlpox594_jpg.rf.19351973acf44aa99c8c84c76912a77c.jpg 36,14,616,640,0
fowlpox-289_png.rf.d59956b75acee8aee8e512f605cc2251.jpg 264,44,425,172,0
fowlpox-301_png.rf.ffd843c0f18d446b99414a0849ce0fa5.jpg 49,45,635,513,0
fowlpox38_jpg.rf.b83711a3951392e626f00b5e509ddb9a.jpg 195,0,539,395,0
141_jpg.rf.ef3fcf913ddb1284d5c1b06d8780b031.jpg 52,303,459,575,0
188_jpg.rf.04dc2266cd4c727b2eebdfe26b3d73d4.jpg 255,116,628,364,0
fowlpox1055_jpg.rf.da93a92f2b136d9b1932c340c82aed1d.jpg 0,51,592,586,0
fowlpox433_jpg.rf.f2ccba789f529ce1f68dc3045d284fed.jpg 0,0,576,637,0
fowlpox1366_jpg.rf.6f611ad93950286f620f5d92a084aeec.jpg 165,96,640,534,0
170_jpg.rf.01d3c789d413b62e019bbb7a80b4af8e.jpg 112,21,343,160,0
fowlpox32_jpg.rf.c96649b102340a77a625f1f11a41f793.jpg 198,159,502,462,0 511,31,640,125,0
fowlpox1180_jpg.rf.0528e1a2c3cd503984e6bfd6e27cedba.jpg 3,67,611,640,0
fowlpox231_jpg.rf.d602528032a39ce8b86a359d3ede9ddb.jpg 297,134,567,371,0
fowlpox254_jpg.rf.9949d97f538b6f7e8769aab61d80ecac.jpg 0,153,447,433,0
fowlpox-223_png.rf.a95b6fd3a0072666cea6ce80d7304850.jpg 263,80,497,315,0 420,308,602,496,0
fowlpox1028_jpg.rf.c2f2403dbb5482e6cc8683294d9c4afc.jpg 0,198,637,637,0
fowlpox1382_jpg.rf.e5458c420d16b0d81bea87319a77d551.jpg 0,32,406,464,0
fowlpox232_jpg.rf.7d2d95e017e2d41bffdcfd7192de027a.jpg 279,154,556,362,0
fowlpox425_jpg.rf.b0388beaf3bf02981f597af248177cef.jpg 168,39,605,561,0
176_jpg.rf.2abbc5c1374eb25dec5cb7c82dcc5eab.jpg 100,252,466,568,0
367_jpg.rf.e16f6b1753fea5c899f8283bde4d89eb.jpg 3,194,309,551,0
fowlpox38_jpg.rf.26b3549c7baf3302f89bad6375cc42d1.jpg 193,47,322,353,0
fowlpox250_jpg.rf.b29fd2da8dc4a71f2c9bdb4d8756bef7.jpg 0,0,506,400,0
fowlpox-7_jpg.rf.7522b8cd8ffbdb760a36c276df38a3b4.jpg 82,0,564,569,0
267_jpg.rf.ba86919de13629397926cff7fc488a0d.jpg 253,64,610,362,0
fowlpox886_jpg.rf.0b9292ec0a9344a6dbf1a8a82a0902f0.jpg 301,222,560,527,0
fowlpox29_jpg.rf.36be5fb33c1f24840553526aafb71f18.jpg 227,192,429,459,0
fowlpox1073_jpg.rf.ea23e819e8e2b104b53409865b2063bf.jpg 0,0,637,637,0
fowlpox195_jpg.rf.c18edd961be112e59464b20d4eba2a03.jpg 12,182,310,640,0
fowlpox168_jpg.rf.79ee4ec296be10ea23d80d3d0662bef2.jpg 104,69,185,194,0 170,249,236,329,0
244_jpg.rf.4eeb5161e5c85eadc76eb0eea94993c8.jpg 114,107,295,512,0
fowlpox80_jpeg.rf.bc7764f3eaa3abc31b1db9cfba1735a4.jpg 197,0,638,637,0
fowlpox27_jpg.rf.811a7ebad93c59890572b34fb563fb0a.jpg 199,352,357,561,0
fowlpox175_jpeg.rf.cc2556b90fd63e21e0f957f4e3b65355.jpg 54,74,371,594,0
fowlpox52_jpg.rf.4752909a14bf41310cea843405097265.jpg 0,0,639,639,0 175,54,496,334,0
fowlpox163_jpeg.rf.2c5f0fff9a29fcdf76f13f7bfdda67e6.jpg 0,0,395,637,0
fowlpox848_jpg.rf.145fa87a1d76c8284de9030d67455402.jpg 85,180,422,538,0
fowlpox97_jpeg.rf.8b2139efcd44514203129c099e06c209.jpg 150,0,638,637,0 154,36,458,589,0
201_jpg.rf.d900e3860c0c3ad938e7e48ef9f7daf2.jpg 343,325,544,640,0
fowlpox-45_jpg.rf.4d922db48c4c50ab4eb0ad8c0a4635ec.jpg 368,237,572,329,0 223,358,384,423,0
fowlpox751_jpg.rf.674541fd291f7132b0db1bc161e0a360.jpg 25,0,619,640,0
322_jpg.rf.b28eef67e953359c9fc940835f1dab84.jpg 252,251,477,477,0
295_jpg.rf.56132cf73b7a878ca2adc547c5e3a4c3.jpg 295,129,351,188,0
fowlpox1020_jpg.rf.2f974f90602615ecfa9a2864a1d29548.jpg 155,148,640,569,0
fowlpox1045_jpg.rf.7d93d044930843ae6c475fd6e4d32cb8.jpg 23,35,640,621,0
fowlpox1239_jpg.rf.f3965d897bf40f049077960404f3edf9.jpg 53,6,553,316,0
fowlpox140_jpeg.rf.11a7add74904e96cba2588a3cd9dd943.jpg 157,121,336,496,0 321,0,465,261,0 522,248,575,386,0
fowlpox540_jpg.rf.f0f6b50fabedd572b651b511e9befcc5.jpg 232,126,435,421,0
fowlpox77_jpg.rf.796990bc19c9f42fc62172f265bf4ca6.jpg 10,39,289,433,0
fowlpox444_jpg.rf.a107d08542808860509941a55b150f13.jpg 289,23,634,220,0
fowlpox-213_png.rf.165b1388e3ae55aaa2c9c35e67df53eb.jpg 301,204,476,321,0
113_jpg.rf.473abb13b9538477167971c9a986c8b8.jpg 112,264,423,482,0
fowlpox83_jpg.rf.ce11956cf40efe299e1ea7515aa992a7.jpg 175,107,609,631,0
120_jpg.rf.2ec668389bf2a03ed4de673df9d56fb1.jpg 73,179,400,377,0
fowlpox220_jpg.rf.58d30e3418613d86379dd0b6453d7aee.jpg 241,314,590,618,0
fowlpox149_jpg.rf.5cbed1986b54c5c435fc5e7a9fb4c3bc.jpg 128,266,300,531,0
fowlpox146_jpeg.rf.12fe33f1ce8b5865a4423fb5d55cd606.jpg 214,107,365,409,0
208_jpg.rf.fae7694f9dd3daf0edc97161f30f6048.jpg 290,187,509,483,0
222_jpg.rf.68520bc57dc2bc8d5c26975d4ee8f593.jpg 212,347,443,518,0
fowlpox389_jpg.rf.70069ae8b5a81bdf65c280909d35f9e7.jpg 176,97,640,578,0
fowlpox956_jpg.rf.b674382147139f5005502efaba4ff568.jpg 235,47,605,541,0
fowlpox630_jpg.rf.fc23226b46179459d02d2e8eb6901817.jpg 0,0,374,470,0
151_jpg.rf.9c971183135b1034e5317d5f9805df6e.jpg 203,14,587,280,0
fowlpox54_jpg.rf.029368f9b6ede402b0f6a8060834448e.jpg 0,0,639,639,0 127,106,639,529,0
fowlpox-228_png.rf.55edd4ac7d914bd588a662a4ebdcb493.jpg 73,217,601,563,0
Screenshot-2025-07-05-175020_jpg.rf.913b7c1267150c0f0ffeebcab7eb8354.jpg 20,10,631,640,0
fowlpox940_jpg.rf.74e57c8779e6a16ba23a48d279d976b8.jpg 43,41,640,640,0
fowlpox563_jpg.rf.d118cb128e94ae043181039a2cdec5ef.jpg 64,0,591,637,0
fowlpox854_jpg.rf.66f8bce295bfaeeaff8994322da8ea33.jpg 3,19,640,640,0