344_jpg.rf.2cd757045723723de7d835c647b9ce9f.jpg 20,274,416,530,0
156_jpg.rf.88563331fd45d9361e64f43b7d6bfd12.jpg 80,77,597,501,0
265_jpg.rf.ce8148ed73d2b3fb734a4416e7cb7548.jpg 312,261,611,598,0
267_jpg.rf.5c9a1119b3558677d3525a31536bce21.jpg 253,64,610,362,0
341_jpg.rf.a6ab73daed4c03c0c072f42b01c03d0f.jpg 65,121,402,622,0
171_jpg.rf.71d30f5168bef4bf5dd761f1daebe6e5.jpg 257,11,488,129,0
40_jpg.rf.b33785d7b2c4db1f5177e279f93b1690.jpg 197,0,471,480,0
126_jpg.rf.c30c6c657e72d266f2e58c6e6200ac97.jpg 20,235,257,491,0
373_jpg.rf.053fdded854af4db770d2bf1033b9de6.jpg 57,41,323,454,0
248_jpg.rf.337929d95aeab558080520b90952d5bc.jpg 307,131,510,389,0
159_jpg.rf.392462badb0f7c528066113c54eb0b56.jpg 15,22,422,593,0
54_jpg.rf.ed4ee6629396f1c83d4fd99e41f22895.jpg 30,214,399,441,0
231_jpg.rf.5fe685a51fa66c166b16d61ae04822cd.jpg 287,64,589,445,0
211_jpg.rf.9faf221a1e2aac91c072ba7a0d26d91a.jpg 427,216,570,458,0
324_jpg.rf.023e98371eda876716531f36d83ee342.jpg 285,237,400,383,0
172_jpg.rf.85acfa21d8f62067da336486880d483a.jpg 290,1,453,171,0
13_jpg.rf.647edee0df939e73ce25e3da14e560bd.jpg 304,201,553,589,0
122_jpg.rf.be5927c4aa882eed6c228a37c9c4cf96.jpg 97,69,579,475,0
163_jpg.rf.b383be86b2cb96671187a281ab2f4c01.jpg 238,186,428,613,0
361_jpg.rf.19f33c6ef5319d344ef4504e967eb39f.jpg 92,354,555,568,0
187_jpg.rf.42671155e51828163ed385b562ec92e9.jpg 90,54,357,384,0
330_jpg.rf.40aa98d254a890fb3e358a21e793bc99.jpg 147,89,525,573,0
296_jpg.rf.157f76061565e5189af2ce45489bab19.jpg 114,321,235,472,0
82_jpg.rf.b71061089cebc77f18fbfd87c026fdd4.jpg 198,241,459,417,0
371_jpg.rf.6960e43df4b24c8afb8b3db77c58d4af.jpg 170,41,582,379,0
5_jpg.rf.05c22168a9fe0201489d3c556ec84fb0.jpg 145,16,563,502,0
10_jpg.rf.a377eafc0d59c8532485fbe6471f3a30.jpg 367,81,628,519,0
19_jpg.rf.79a9d08183659b700aa4d04b607abb73.jpg 275,159,530,620,0
124_jpg.rf.0543b4c64ef05247f5fc6c77282ca529.jpg 12,14,436,612,0
347_jpg.rf.0051f3d4b88ec584ecf88adb1eb53864.jpg 282,64,471,514,0
120_jpg.rf.4cbc40a7c5d0d18e5691fac6350c6538.jpg 73,179,400,377,0
2_jpg.rf.7f3f0dd53074b24b7fc0b793047b49b0.jpg 0,41,260,444,0
65_jpg.rf.5841e96586a2c90f89617fddec1cee67.jpg 282,99,509,443,0
192_jpg.rf.bcc6930f6c22d7844f0d15efdbae556a.jpg 310,156,480,369,0
323_jpg.rf.b7d4a9f9b87d2916a418a174880ae5cd.jpg 175,241,434,373,0
112_jpg.rf.60c0d1060ce79444bfb16ff6e1f88c35.jpg 153,6,327,118,0
77_jpg.rf.82381428a52811995d924241d8d0e5e9.jpg 443,247,529,362,0
234_jpg.rf.2e4d6d72df8e3414c2b667d7cd473c30.jpg 133,101,538,556,0
244_jpg.rf.142ed8684d046ce0232b55665e088772.jpg 114,107,295,512,0
272_jpg.rf.3322285d7bb42bcd8cf1eb72eba5f44b.jpg 262,427,463,598,0
238_jpg.rf.8a103c3b2ea51e3c62c5aff84784f6e3.jpg 90,277,453,493,0
332_jpg.rf.b3f5256603ca9189bb7f2ac686811f73.jpg 182,122,436,520,0
246_jpg.rf.24a21f6a31e1136350f68092bcf67f70.jpg 317,122,549,453,0
158_jpg.rf.b8d3607f603e484866e7ceea023f7d77.jpg 0,17,586,594,0
305_jpg.rf.8c7aac943f34960325240c6c484c91fe.jpg 85,347,364,552,0
291_jpg.rf.f2575609ac9a954346b6e0ccd2a430fd.jpg 177,179,386,357,0
329_jpg.rf.e326b1b03c855499485dfd97bf468e85.jpg 69,118,494,367,0
227_jpg.rf.ae6c3f7fccf8bf01c982dc3d6a6f54e9.jpg 74,204,346,523,0
314_jpg.rf.0af1a176c2b1f5abaf6b844252eaddf7.jpg 277,304,332,376,0
74_jpg.rf.58a6740517661126a90bb09c384c2374.jpg 253,138,571,437,0
368_jpg.rf.f1e6be433a8f83759d3d91cd647b2a5e.jpg 43,44,290,444,0
4_jpg.rf.2d531f99dbdba172e2fed3fb4adfc56d.jpg 327,65,571,590,0
243_jpg.rf.5068ee336cfbafc09dba63026a0eac66.jpg 230,231,537,516,0
293_jpg.rf.7ec964b40b8582a238ecb8e4bf62814a.jpg 40,221,437,477,0
250_jpg.rf.451eed06dae20a4f2f4496f513ab1887.jpg 134,164,565,568,0
56_jpg.rf.8ac4f0c4669ea83ec0c51ceab7da8319.jpg 183,114,311,213,0
images-2-_jpg.rf.9c5e6a89aeb5dd0b5d6670ad4d0045e9.jpg 239,181,494,437,0
185_jpg.rf.b2d7f7e803e66d75213742a63e81d461.jpg 132,154,387,312,0
199_jpg.rf.28b2818d4473b61c6a23b9111ea3c0bb.jpg 279,477,496,640,0
343_jpg.rf.75fdc8b89e327b8f8c36e28884396d1a.jpg 233,192,500,629,0
358_jpg.rf.4b3350912a1c74b593c38f392d9fa468.jpg 95,0,518,554,0
200_jpg.rf.a4e08312907ab980001efcec1073a9fc.jpg 513,217,640,448,0
62_jpg.rf.bf736756464aaa42eb59da10ae43973c.jpg 132,31,307,247,0
233_jpg.rf.af6802a284e04d40ae3a31eb56c68bb9.jpg 93,108,470,476,0
331_jpg.rf.073052b92248b8faf6778c89780a86d5.jpg 253,214,508,427,0
164_jpg.rf.68302407ff41d72890b85ab5a3325c36.jpg 72,127,405,391,0
6_jpg.rf.35c6db0ded866d3c8f90eeeec240e296.jpg 84,1,630,497,0
197_jpg.rf.23c8c95f66d16064de1addc9d5b081ff.jpg 89,271,393,497,0
266_jpg.rf.6e995ac0c83068a0888a2d7895297ce4.jpg 97,77,421,333,0
338_jpg.rf.42030c2358b1b65018ca5b428ae58a67.jpg 54,139,513,386,0
170_jpg.rf.a481d728235f1bf7ea130aafd8680209.jpg 112,21,343,160,0
335_jpg.rf.3ae4d6a34912ddaf364d908555f8ecc7.jpg 230,249,390,475,0
369_jpg.rf.6c9e86758f10e4f138d2b764daf27c72.jpg 224,49,605,281,0
230_jpg.rf.c51bb70bb574d6afd142e2a3d3c5336e.jpg 195,28,640,446,0
179_jpg.rf.ff03edbb4b8628b2a0c2d827959907f4.jpg 78,237,178,368,0
223_jpg.rf.bb06db533ba319f7db4ad4999a79b6d8.jpg 310,34,554,545,0
282_jpg.rf.28a8abd66730d7516adca8d4ccc1b4bb.jpg 403,261,499,334,0
325_jpg.rf.367c1e95d0ad290e3a73bd4f51e281ec.jpg 85,261,447,528,0
133_jpg.rf.f8d73a5df7c88edd47267e38a968b7a2.jpg 352,111,477,240,0
299_jpg.rf.6b2fe71a55332b7904c435310c3dd46c.jpg 293,37,421,195,0
160_jpg.rf.9f531a727e7829e7448032d32d0e9329.jpg 134,17,506,538,0
137_jpg.rf.06507fb44d9d7d9b78b6f88e8b641feb.jpg 170,55,512,640,0
189_jpg.rf.dcd077016d65dd3b9c5956fb49195074.jpg 297,304,496,630,0
184_jpg.rf.4f02d6e013974f6442690b2ca7c7c30e.jpg 154,286,324,535,0
290_jpg.rf.a0c102e8533c6a4dcbb920d93543004c.jpg 247,311,467,462,0
174_jpg.rf.262fed0139afbac6a3c13dc5662344d0.jpg 525,262,626,378,0
336_jpg.rf.2b5f87d670759938e5dbf6e21569121b.jpg 252,161,370,473,0
229_jpg.rf.9f57df69e46ddc46a08e62dc0d7ad7e4.jpg 240,61,533,393,0
121_jpg.rf.1b0702fab6ff3c6b895c4a6f22bdad45.jpg 38,98,458,616,0
375_jpg.rf.ef108037dc528302996467129e19572e.jpg 270,297,637,559,0
47_jpg.rf.218128c0cdddbf26d7fc9d76313bdb49.jpg 247,260,393,480,0
360_jpg.rf.b75d0c9552e4e6bd2bfffe461499cfdc.jpg 85,91,640,577,0
79_jpg.rf.5662a8fc33397b50364aed7acc6646c2.jpg 244,71,485,430,0
178_jpg.rf.a12c4f82e93292defe51448aef5a42f5.jpg 227,473,427,595,0
249_jpg.rf.487bea74a342375d0badee4755d99ce9.jpg 258,144,531,459,0
131_jpg.rf.34385cb15793f2f89a7d7c3e1d2e1604.jpg 245,0,640,456,0
215_jpg.rf.f6d6f2139e656b4fc82fd762ca2520b9.jpg 180,184,454,392,0
194_jpg.rf.2dc5d6e276e049ef4e469da59bd91bf5.jpg 178,241,528,615,0
51_jpg.rf.b147bc098e2032aa8148423436e28bc5.jpg 87,194,333,394,0
253_jpg.rf.bf1a64bf74b0a5f7e9a5ed1f44893073.jpg 122,442,271,570,0
177_jpg.rf.145f73fd16f7d1433c1153648c3de36b.jpg 155,312,576,569,0
152_jpg.rf.40acc7ce07028a3e029883190974b2b1.jpg 30,242,369,603,0
362_jpg.rf.3db3e611e4cddcc8b27c3a7996e94bca.jpg 70,96,284,582,0
162_jpg.rf.9405351620660e8eb3b7420d53e387aa.jpg 147,191,392,492,0
41_jpg.rf.cc9bbd37e8ca26ab8dac4921034ce7f3.jpg 143,116,437,636,0
372_jpg.rf.cb17f533340bfd34eef52e6a91c7763c.jpg 202,33,579,426,0
169_jpg.rf.cbab46aedf70c241802b4b8327c41b18.jpg 523,113,640,355,0
29_jpg.rf.d11c2bb073d9752da6aec32ddede250a.jpg 260,282,430,472,0
374_jpg.rf.dd807f4e99692f66ca09172242cd920f.jpg 200,17,610,272,0
334_jpg.rf.ba8dcb1f5b2180d1071b1ec7667d4ef8.jpg 217,234,411,380,0
251_jpg.rf.be76d516afec4f121ce68b541fa1c1e2.jpg 307,174,515,591,0
50_jpg.rf.859f47b5956c6952c0ed11427e89aa1a.jpg 137,181,331,494,0
83_jpg.rf.7cd2128b30b13234256f0a7912f1fddb.jpg 117,47,456,353,0
301_jpg.rf.d9ea6db694657aa10a8c8619eddca1c6.jpg 147,287,477,372,0
275_jpg.rf.285d8af7513840df7e6ac14cd1913cfd.jpg 140,174,299,411,0
81_jpg.rf.a8968778e52aee789b81053ba3c8b306.jpg 143,277,549,577,0
212_jpg.rf.4f8374bde50c900cb44c37e6509e6d18.jpg 40,189,226,444,0
11_jpg.rf.754f0dbb365c5e7a1741b50800a0d692.jpg 244,140,435,282,0
128_jpg.rf.c1eecd612d940628ce49ca059c1d64a9.jpg 135,292,640,559,0
59_jpg.rf.8f98d9ff84474c787072a1ae6423ec74.jpg 43,102,287,388,0
239_jpg.rf.1020afc16ff44a341420000a8cd793b5.jpg 184,198,506,367,0
286_jpg.rf.fef435a659fe4c539d6ba3049f5a2059.jpg 239,316,494,430,0
114_jpg.rf.5cad26aa74fca3026b4aba8fc6a0dba8.jpg 17,81,491,283,0
14_jpg.rf.4d2eed0a5759a0640ba05d0b649ce98b.jpg 73,102,451,482,0
fowlpox-1024x671_jpg.rf.077033918bc29f505bff73ef0708ee7e.jpg 228,341,480,561,0
155_jpg.rf.82e65e3cba65a07e2df4a46d87c0d4be.jpg 164,91,543,608,0
367_jpg.rf.47c7a88b448a91c88940467f631f35e2.jpg 3,194,309,551,0
237_jpg.rf.6b43b9b6df1d829636a7a7d34a5f1a96.jpg 77,232,491,539,0
27_jpg.rf.397f4fa16d69d787e5f1cec0a74fa6da.jpg 113,117,188,323,0
352_jpg.rf.793974f105bcd4bba4f04593cdcce946.jpg 155,81,492,607,0
188_jpg.rf.4fe45c3ee8b125109975b18db4f9a941.jpg 255,116,628,364,0
100_jpg.rf.6480e3ad4acd96c6ab4cfcaece55a4ba.jpg 103,207,428,551,0
106_jpg.rf.b9563d654a5abb61a6476711032d96af.jpg 182,17,561,389,0
222_jpg.rf.95aa4aa4341d7659855baaf51fdf17cb.jpg 212,347,443,518,0
148_jpg.rf.2a862fdac49942d363042869846752dd.jpg 241,67,640,339,0
seeds03pix_jpg.rf.70797090ec5d7acb75f15e117f654207.jpg 197,49,526,525,0
201_jpg.rf.70b625c63eeffd92062e55093803ff98.jpg 343,325,544,640,0
196_jpg.rf.5442bf7908394c490afeb88b9e880d1e.jpg 232,161,556,356,0
241_jpg.rf.6a758312c0ead7b2f429695d0a76dd67.jpg 126,100,640,568,0
308_jpg.rf.d6259328361fa26cb1aed8ebf15ac993.jpg 257,102,455,492,0
297_jpg.rf.8bd6d5495427cf64c676921dc038a704.jpg 354,174,423,213,0
144_jpg.rf.eac49bcd1c8de4d643fc899502ea3688.jpg 137,4,311,101,0
157_jpg.rf.c3e63f9393820f2a2272a3386ce0ec48.jpg 40,29,479,622,0
89_jpg.rf.0aae966cd8a7b3d9a4da7743ad6fcfcb.jpg 303,97,568,502,0
287_jpg.rf.5b71f8b1079bebe658a3cf50c17ff963.jpg 130,224,492,360,0
304_jpg.rf.ffe5193e91c93ceede5077a8a5ce9cea.jpg 273,44,507,546,0
274_jpg.rf.df47d956e6bf6181caa53532c8957da1.jpg 247,287,376,552,0
213_jpg.rf.22aa7d1911985a8699f97894c2de9e05.jpg 195,102,441,240,0
216_jpg.rf.9bbdbeb24de9ca40f74bf8e2b3348674.jpg 190,254,434,474,0
264_jpg.rf.f483cd0c6cdb82c8aa3c73cd26e0974e.jpg 453,190,640,311,0
146_jpg.rf.89bc9f978f69fd90c097d52607177d06.jpg 67,64,613,511,0
183_jpg.rf.4ff51988d537b518ff28ddb0b4c9968a.jpg 67,64,535,343,0
342_jpg.rf.b1d392a8003aaf8bcca94953b771b185.jpg 5,241,536,558,0
281_jpg.rf.52699a5191beee15319395f5f41413b4.jpg 423,240,517,361,0
322_jpg.rf.10876cddab6b860f7ba0c8c3cc33db71.jpg 252,251,477,477,0
154_jpg.rf.a70b04486f9a801bcd20b0aee3c94a22.jpg 100,144,601,569,0
73_jpg.rf.d70b3b9ef2afdba44a816ef7be5cae71.jpg 230,17,408,232,0
182_jpg.rf.c3009b2a22cec8c311b703a8bec29de5.jpg 367,84,557,350,0
139_jpg.rf.14528ca6634405e1d04e864eef3478ec.jpg 17,47,583,479,0
115_jpg.rf.7f2a40557604933bf062c43c69672f3f.jpg 323,162,468,627,0
350_jpg.rf.ba72069388cc68d0a92a761874eaa9e8.jpg 152,237,290,388,0
258_jpg.rf.0a465e47c61e9d03be5ed89cdae64001.jpg 105,277,437,636,0
326_jpg.rf.4c7c85953ef946fda5aa25c1768624cf.jpg 350,201,533,527,0
61_jpg.rf.b845601a79f67332a9824b016f4b4b8a.jpg 250,140,393,322,0
279_jpg.rf.2d3a90d450733e3f01a2c59d4bc5ae0a.jpg 227,219,432,359,0
103_jpg.rf.fab3cf45e6513c283a420dbcc1d89ec1.jpg 108,22,629,601,0
176_jpg.rf.b24fcb14c8d5d89a86f900be03469197.jpg 100,252,466,568,0
316_jpg.rf.f85b1343120f3f6df85397863ed833ad.jpg 97,214,233,341,0
91_jpg.rf.f90fad75eac35614f9f5327a378053e2.jpg 222,82,628,400,0
190_jpg.rf.8fdcb821e1b632da062a112e05f62343.jpg 180,289,348,401,0
151_jpg.rf.6a2aef9c9f590118199b20550bd9bf2c.jpg 203,14,587,280,0
208_jpg.rf.f753b53eda1558ba34bbb842227cdfe0.jpg 290,187,509,483,0
119_jpg.rf.9ed65250b3c71ebf66f66072d6bad217.jpg 33,0,381,410,0
111_jpg.rf.8e1690c57141b56117cadf4740b759af.jpg 417,229,629,535,0
36_jpg.rf.b014feba9df703f60b44edd368d4ccfe.jpg 232,4,386,108,0
8_jpg.rf.34b267854bd3a233012c98db0deea3f1.jpg 195,250,562,550,0
180_jpg.rf.7e63d5b7a1d2579faa3e21bf9cbbe9b7.jpg 312,102,417,182,0
210_jpg.rf.6d97e38ad7ece57a3419f71bcb5d4070.jpg 362,131,473,459,0
64_jpg.rf.271e8586e96293b32578e89766d09965.jpg 410,84,640,432,0
345_jpg.rf.34a87e547cd0e2dc487c4dcbb332c09f.jpg 88,232,461,522,0
217_jpg.rf.4ccf5e5f22038baa2f648a763093396e.jpg 200,261,456,506,0
48_jpg.rf.2aaf46a12956ba1796e5471312b69e18.jpg 220,334,376,506,0
52_jpg.rf.a3c74b017c447e6e6dcbb4d715581513.jpg 43,214,361,342,0
262_jpg.rf.d148ca679e6e10ecb710e8aeb31e7579.jpg 300,26,421,109,0
153_jpg.rf.76ca2decfdc83d67ec171ffdeb9e88e1.jpg 37,207,292,588,0
257_jpg.rf.4885d5bb9251b1c6e5771d9f24baf82f.jpg 190,174,442,396,0
363_jpg.rf.ffa6bde651b28c44771e30b2025fd111.jpg 330,78,551,585,0
31_jpg.rf.a85ce7241ec0dab3c494bfe5579419f7.jpg 12,61,396,499,0
37_jpg.rf.898d8a6556b9207744825b7414e25090.jpg 267,227,357,379,0
370_jpg.rf.609151ee4d9eeb1bb07db9b2e309aa9c.jpg 164,9,616,400,0
33_jpg.rf.9bbd0c636529438301de28caef6e2849.jpg 250,64,608,520,0
225_jpg.rf.491663cf0a016ee1e87f51ec64bda101.jpg 335,67,604,571,0
167_jpg.rf.42de4cf4dade2dd591527ab99f7aa7fb.jpg 162,26,532,567,0
303_jpg.rf.8ee1a696404cb026508be16cdca14460.jpg 207,198,400,515,0
42_jpg.rf.f2316ca1461b381150ff7ce613834f2b.jpg 137,6,328,476,0
220_jpg.rf.a9700922dd2084a2795636e3abc41ff4.jpg 309,222,525,409,0
109_jpg.rf.203d2da4b7a65022fb89567de299bd7a.jpg 164,6,585,565,0
9_jpg.rf.ec8d713e5922a3bd85e525e20a80882a.jpg 80,1,566,507,0
88_jpg.rf.3e6f8532ad3d27f43966384bfe0582d7.jpg 150,17,549,461,0
317_jpg.rf.ee29a08840949a4ebce4af26f5e60aa9.jpg 275,111,450,308,0
273_jpg.rf.9d2efaac3983ef21889ffa9f2c97940b.jpg 15,282,234,473,0
116_jpg.rf.a4e0b058b5cf7093718af3829b91d451.jpg 355,156,494,497,0
283_jpg.rf.f291ef65b6b4d1cb762d0de44e2d5af1.jpg 347,329,492,452,0
63_jpg.rf.6ace9be1d7740eee8beb4a32d3fcf876.jpg 235,154,400,330,0
166_jpg.rf.dc40187129ae1535f756cf98e4680ffa.jpg 187,67,505,572,0
32_jpg.rf.f269a4f5fcf3c6562cf4b579a8166646.jpg 180,102,620,501,0
35_jpg.rf.5251fe5a20ba49897eadef4d08c8de94.jpg 55,84,386,416,0
228_jpg.rf.dd9ff21d57c9405be1de92bc69cda732.jpg 117,30,426,381,0
295_jpg.rf.3f3117cc487785343bbfeb6344fe32ff.jpg 295,129,351,188,0
366_jpg.rf.0c036355d970097c27c76826838eaf76.jpg 47,36,437,277,0
17_jpg.rf.ec0132ab230613b85594277202d0e6dc.jpg 102,74,448,285,0
92_jpg.rf.cf99b65dac07e171aa2ab5f92ab30b6e.jpg 143,68,640,459,0
353_jpg.rf.05ca6af80dc356035c96c94150f48939.jpg 50,0,557,512,0
278_jpg.rf.e8f8c06afe5e170dc7bfbb894db9a43b.jpg 200,233,336,407,0
219_jpg.rf.4a39e8bca096971c40c0b25e79fa4e98.jpg 237,221,521,468,0
69_jpg.rf.cc2a191faf32dc97fc9e3136ab841b50.jpg 450,171,533,244,0
306_jpg.rf.f8990cf1f082bfb5a5b5d34d3a38c47f.jpg 180,187,530,422,0
364_jpg.rf.f421ca7873510cacab62dfaf0efca39d.jpg 385,54,578,445,0
240_jpg.rf.5f94fbcf5c6c989c3c5ec4e2af781280.jpg 134,182,445,394,0
191_jpg.rf.16bce48b1e5cd204c7859806ebc76d2e.jpg 185,161,497,596,0
285_jpg.rf.965970bb46990e4217efc921eec66921.jpg 150,211,508,373,0
39_jpg.rf.ab680690714a2b4b25ebdee5b3d19b8e.jpg 222,117,287,183,0
105_jpg.rf.5c91e77eb01a070347f10a89114235eb.jpg 140,259,450,635,0
235_jpg.rf.e897923f85007234c22b7eb0172d04b6.jpg 95,69,499,493,0
298_jpg.rf.b25b80b95f9c37b63e5df0ce2feb21d5.jpg 237,52,349,235,0
75_jpg.rf.db927af533781069e350891311a38fc5.jpg 220,217,534,413,0
141_jpg.rf.6df563d51d6758e9591062b108bb4a0b.jpg 52,303,459,575,0
337_jpg.rf.93c4d36b3d9954536b3b89256cf0062f.jpg 258,146,557,532,0
49_jpg.rf.280c013904913ba8498430a8268a68c8.jpg 163,334,327,563,0
245_jpg.rf.48df41a7164bb8706c1bf9177c840308.jpg 88,241,467,524,0
70_jpg.rf.c0f97a4755a17c7915f55e434525fc31.jpg 209,181,346,374,0
175_jpg.rf.49ef60d0e85d75a4a479f700cf7fb253.jpg 74,91,435,318,0
68_jpg.rf.9dae93661441fb6cd52ab3462a8de207.jpg 303,311,389,438,0
202_jpg.rf.3a1a8e191e1a8b5377703af4699520dc.jpg 79,247,573,531,0
259_jpg.rf.b48aeb8c64ebc196b0dcc61461a128e2.jpg 225,94,383,265,0
71_jpg.rf.a18da9eabd13fa080872d392c5eb50d6.jpg 355,246,463,493,0
66_jpg.rf.50eb256f927d7d732cd6c6577306f7f5.jpg 254,540,394,639,0
113_jpg.rf.cdefab1e1faba2c56880e3e18c0c1159.jpg 112,264,423,482,0
15_jpg.rf.64c1d1b413f2f7d96edb9b4e67cd107e.jpg 213,18,450,436,0
168_jpg.rf.7dbe3642147a8fb78279baea108c8dbc.jpg 113,154,540,620,0
136_jpg.rf.74bccaa4023d390968af2f70b63872ae.jpg 17,24,622,624,0
7hvzo4b9z9k91_jpg.rf.d709519b7048e307a93df8ec759c96ec.jpg 225,209,571,436,0
356_jpg.rf.d1a2f346cc3fd7d5a0d2b3c14aa001bb.jpg 185,64,470,276,0
302_jpg.rf.8c8215b77046f77698d2c292ca436b4d.jpg 157,57,450,441,0
34_jpg.rf.15725f13a96ec698380f646fdbccbbb1.jpg 195,219,376,541,0
313_jpg.rf.fac556ab8c3e2bd0eaa908ec89bb5b25.jpg 253,217,358,418,0
247_jpg.rf.4628cf4c8cf3a9ff99994211b17a7af1.jpg 150,317,373,501,0
204_jpg.rf.9535ec2a5baa485a30d9b15d5e3bfc6a.jpg 83,264,427,512,0
20_jpg.rf.8f7e96a084d54bd69a53a347f69a1b54.jpg 195,234,457,420,0
96_jpg.rf.197c96ee8671911204733dd538165f03.jpg 63,38,640,494,0
93_jpg.rf.b19cc9e32f062e7967054a2a24364c9a.jpg 268,111,529,357,0
206_jpg.rf.2a7942fc2422e6e77744c6d816b29499.jpg 145,0,421,145,0
108_jpg.rf.d484d4a529fdde25a84f7a5ab06e877a.jpg 127,159,617,467,0
349_jpg.rf.a927aef5cbd2ec972d9dab29f7f7ee3e.jpg 238,151,407,289,0
fowl-pox-treatment-1024x667_jpg.rf.c3ef3998ce83b7bd7ab50654f60a0e96.jpg 130,287,447,428,0
252_jpg.rf.f0471a2f57b64f23454d271bff9e829c.jpg 78,52,358,342,0
195_jpg.rf.e77e696e03757f56071ec58e625a7aeb.jpg 97,119,468,552,0
78_jpg.rf.fa7064e616cbe55adcdad822ce671822.jpg 315,171,420,255,0
147_jpg.rf.f23850e62c703293f49ceede562b36e0.jpg 0,274,116,452,0
348_jpg.rf.fbf2d19e4cd90ef695b3f0fc9598c467.jpg 90,242,563,480,0