ezgif-frame-049_jpg.rf.6077244d003275282cf0a684a50e74c8.jpg 101,61,258,226,1 458,71,516,191,1 571,91,594,122,1 519,121,580,162,0 59,138,132,193,0 92,134,138,189,0 182,138,307,193,0 234,141,465,284,0
ezgif-frame-052_jpg.rf.927d552c6cacc85551eda7509bf39523.jpg 574,91,593,124,1 454,76,516,196,1 101,64,251,221,1 242,136,463,284,0 59,136,130,192,0 95,131,133,189,0 518,121,575,168,0 200,138,306,197,0
ezgif-frame-026_jpg.rf.0d217fa45d236a894eaf37bfdc1c9267.jpg 236,138,462,285,0 514,120,577,166,0 59,137,132,193,0 96,134,167,181,0 196,126,275,190,0 446,79,511,194,1 205,71,361,192,1
ezgif-frame-054_jpg.rf.734b511a42882d369425517fe6952afd.jpg 573,91,592,116,1 455,77,517,193,1 98,61,250,225,1 235,139,463,284,0 521,121,579,164,0 61,138,128,194,0 98,134,137,186,0 199,139,303,196,0
ezgif-frame-059_jpg.rf.f4e44f334d58d2c64830d842d716c718.jpg 234,128,463,285,0 520,121,579,164,0 200,134,301,194,0 62,139,132,194,0 94,133,143,191,0 571,86,598,116,1 453,80,519,193,1 99,62,243,225,1
ezgif-frame-179_jpg.rf.c452316fcf06955effbfaf7e8420f7c3.jpg 58,141,118,196,0 91,98,178,168,1 366,122,474,197,0 530,68,638,218,1 193,71,318,208,1
ezgif-frame-013_jpg.rf.0df6b1446e7ecbadf9fb3eebc1aaf766.jpg 209,65,381,194,1 437,83,516,195,1 247,142,465,285,0 186,128,300,195,0 60,139,131,196,0 91,134,163,184,0 514,122,579,166,0
ezgif-frame-139_jpg.rf.30b1dc918b67339ce68f7026d2195c6a.jpg 443,36,640,241,1 101,74,184,213,1 370,130,493,190,0 202,122,304,195,0 61,137,119,193,0
ezgif-frame-071_jpg.rf.b064795291dce157e6fd0e64ba781440.jpg 236,122,471,284,0 99,63,258,224,1 449,75,513,191,1 545,109,587,137,1 515,120,575,158,0 60,139,132,193,0 94,135,148,182,0 201,137,308,193,0
ezgif-frame-084_jpg.rf.3087944aa0b1b1b19b5a1b10cbaa4a77.jpg 49,140,117,205,0 90,127,124,182,0 186,135,308,205,0 231,108,464,288,0 513,132,544,166,0 533,100,586,155,1 434,86,530,187,1 117,64,255,229,1
ezgif-frame-105_jpg.rf.91f8f4fd1d4f100968bdfdbe7707616f.jpg 55,141,115,200,0 93,133,128,187,0 192,136,314,191,0 505,130,542,166,0 239,115,480,281,0 532,116,575,158,1 351,88,468,172,1 110,72,259,231,1
ezgif-frame-048_jpg.rf.83d81569c7a4e87f0a3b14ce0a9e943a.jpg 54,133,122,201,0 515,110,578,165,0 178,111,320,210,0 229,127,470,290,0 553,72,603,129,1 426,53,524,191,1 90,40,280,216,1
ezgif-frame-101_jpg.rf.da41e2830732395f9562322fa44b5fc9.jpg 58,136,113,195,0 89,124,132,179,0 196,127,311,198,0 503,132,537,162,0 530,119,575,165,1 370,93,473,168,1 109,73,259,221,1 231,113,474,284,0
ezgif-frame-051_jpg.rf.8328871cf2290df940193b0a016de565.jpg 52,134,110,201,0 86,123,116,191,0 516,110,580,165,0 189,123,309,198,0 218,127,469,292,0 561,79,602,128,1 444,70,517,190,1 107,63,253,212,1
ezgif-frame-114_jpg.rf.c58addf1247c195662b0e443572759c0.jpg 59,141,104,194,0 84,130,119,185,0 201,130,266,195,0 451,139,494,190,0 501,132,544,162,0 530,112,575,162,1 280,86,481,289,1 116,71,251,218,1
ezgif-frame-099_jpg.rf.07b540270d7274efca89b9f26ac22eaf.jpg 520,138,579,198,0 517,132,550,186,0 337,136,447,196,0 103,130,139,170,0 171,108,414,282,0 65,119,111,168,1 148,87,272,179,1 378,71,533,194,1
ezgif-frame-013_jpg.rf.9c75a8cb5b89c9d26d642e48b6bc9ba1.jpg 259,65,431,194,1 125,83,204,195,1 175,142,393,285,0 340,128,454,195,0 510,139,581,196,0 477,134,549,184,0 62,122,127,166,0
ezgif-frame-149_jpg.rf.535d5aad586fcbf22933bfbddd49b262.jpg 484,56,640,234,1 118,77,205,210,1 369,128,490,187,0 203,129,309,198,0 62,139,134,192,0 48,99,91,135,1
ezgif-frame-067_jpg.rf.bbf49e6db1a13019a87cd5b0fb77a9e7.jpg 515,120,572,165,0 193,133,311,203,0 60,136,113,203,0 88,128,122,178,0 227,120,452,288,0 557,95,593,136,1 444,75,522,198,1 99,60,262,212,1
ezgif-frame-096_jpg.rf.108df1365d8b94b1ce8d68bf83e70d7a.jpg 60,137,117,197,0 93,127,139,177,0 191,134,306,198,0 506,134,538,163,1 532,122,575,159,1 236,114,469,274,0 389,92,496,185,1 111,72,253,222,1
ezgif-frame-128_jpg.rf.e3456a987687610ac09e21cb4d5c8b18.jpg 539,146,585,203,0 340,120,445,196,0 225,124,287,198,0 469,61,569,210,1 24,28,269,267,1
ezgif-frame-095_jpg.rf.81efe731263dc2ec4238d92a1218c4cd.jpg 54,138,126,196,0 94,129,131,178,0 192,131,325,197,0 504,134,535,165,0 239,115,462,285,0 534,120,574,168,1 392,81,500,186,1 97,68,264,225,1
ezgif-frame-164_jpg.rf.8532ef251dd893c9d01f386d676480de.jpg 484,68,640,231,1 143,77,275,206,1 55,104,137,151,1 365,118,485,191,0 199,144,308,193,0 122,137,162,186,0 61,138,122,194,0
ezgif-frame-036_jpg.rf.bcfee46d75dc412fd4bce8c08a8017ed.jpg 337,65,489,224,1 126,73,185,193,1 176,139,401,282,0 61,119,123,162,0 514,136,581,192,0 512,131,547,183,0 473,133,517,182,0 44,91,67,114,1
ezgif-frame-151_jpg.rf.82da65bea6af505e3d15e0cffa605dc2.jpg 480,56,640,228,1 369,128,488,191,0 204,128,310,193,0 60,136,137,192,0 98,77,217,207,1 50,106,91,146,1
ezgif-frame-033_jpg.rf.ac8e97a529650083667b81f71dfe8daa.jpg 60,125,120,205,0 98,107,156,197,0 511,86,595,176,0 223,124,473,324,0 429,53,538,188,1 160,42,335,207,1
ezgif-frame-124_jpg.rf.8756961f3d0bfd2e1f8b358c6591ad78.jpg 321,64,571,239,1 83,69,188,216,1 534,117,582,165,1 517,111,571,164,1 59,149,121,196,0 205,116,316,198,0
ezgif-frame-133_jpg.rf.15b3fd0e65d480c24b7ce1fad8b08c64.jpg 17,1,241,258,1 462,71,550,217,1 174,129,267,191,0 336,119,439,191,0 517,141,580,193,0
ezgif-frame-145_jpg.rf.48fd0cf1fe60cc448debc91f8f3a7ee8.jpg 485,60,640,238,1 118,76,198,215,1 368,128,490,190,0 202,127,306,194,0 62,137,128,191,0
ezgif-frame-002_jpg.rf.cceac1cc4d1fad5ad51c4aaa6b12bae0.jpg 41,147,110,212,0 117,135,149,200,0 175,130,246,215,0 510,121,574,183,0 230,146,450,296,0 430,91,505,200,1 210,59,335,192,1
ezgif-frame-001_jpg.rf.d627a2986a4297554d3eff359db4ea10.jpg 234,140,466,305,0 59,145,114,209,0 121,132,161,192,0 187,119,237,211,0 513,117,583,177,0 429,91,503,183,1 208,65,332,185,1
ezgif-frame-017_jpg.rf.9e819f702d19f936d836b53581813ae1.jpg 524,137,592,210,0 487,109,545,190,0 394,123,476,218,0 49,109,139,178,0 195,137,407,305,0 145,62,206,184,1 249,50,433,190,1
ezgif-frame-054_jpg.rf.ff21a087431be209be8b24652378955d.jpg 49,91,68,116,1 123,77,185,193,1 390,61,542,225,1 177,139,405,284,0 61,121,119,164,0 513,138,580,194,0 504,134,543,186,0 337,139,441,196,0
ezgif-frame-145_jpg.rf.bfaab64f825b6b19e567576d7ae000df.jpg 1,60,156,238,1 442,76,522,215,1 150,128,272,190,0 334,127,438,194,0 512,137,578,191,0
ezgif-frame-003_jpg.rf.0d2f2b7350b179acf390bd689f247e10.jpg 177,143,403,289,0 513,144,579,197,0 513,140,548,190,0 471,139,521,190,0 348,131,447,194,0 60,124,123,171,0 128,104,207,199,1 258,69,431,186,1
ezgif-frame-183_jpg.rf.99096551ee8c1b0ce864250275684cc1.jpg 545,79,639,222,1 211,70,322,200,1 114,113,174,171,1 535,115,583,174,1 378,121,492,187,0 203,121,252,196,0 59,137,135,193,0
ezgif-frame-005_jpg.rf.a4ce43e7f24874511a66170b1b9700a2.jpg 54,140,105,201,0 113,130,153,190,0 183,126,248,216,0 511,109,590,176,0 432,91,506,196,1 198,45,329,221,1 223,132,445,291,0
ezgif-frame-015_jpg.rf.78649ce7a9533e33e73936ecdfc50ad0.jpg 211,64,382,187,1 437,82,518,192,1 238,143,459,289,0 59,139,127,197,0 98,135,163,190,0 517,121,578,166,0 191,127,305,195,0
ezgif-frame-094_jpg.rf.40eef06278a60190ba9b3720d2101c66.jpg 344,142,453,197,0 510,140,581,191,0 483,134,545,179,0 62,121,112,162,1 79,119,131,162,1 139,88,244,191,1 383,67,542,220,1 178,115,405,281,0
ezgif-frame-040_jpg.rf.cb51289def5391311dcd53569d417b58.jpg 126,74,187,191,1 362,61,498,218,1 44,89,68,109,1 61,117,125,165,0 180,141,394,286,0 510,138,581,194,0 517,134,545,185,0 477,133,509,181,0 336,138,429,189,0
ezgif-frame-056_jpg.rf.67e33a1b49bab1ec2e8388edf399c4ab.jpg 571,89,591,121,1 454,83,520,192,1 100,62,253,224,1 241,140,468,278,0 518,124,576,163,0 197,142,303,188,0 62,137,130,190,0 99,133,143,186,0
ezgif-frame-100_jpg.rf.3b9f3df682eab9b1f82e8ce4493627d1.jpg 524,139,581,202,0 514,129,549,179,0 321,137,461,200,0 105,131,135,161,0 64,121,112,162,1 170,111,408,286,0 150,90,278,166,1 383,69,526,237,1
ezgif-frame-006_jpg.rf.6a02d54d4be2d88861920a11c570502d.jpg 248,143,465,287,0 60,140,127,196,0 100,133,163,184,0 195,129,294,195,0 516,120,579,166,0 435,93,513,200,1 208,64,383,171,1
ezgif-frame-101_jpg.rf.e9a29a82849b2560586f99560c9912ac.jpg 528,136,583,195,0 509,124,552,179,0 330,127,445,198,0 103,132,137,162,0 66,119,111,165,1 168,93,271,168,1 381,73,531,221,1 167,113,410,284,0
ezgif-frame-008_jpg.rf.c718fbfb7e1b57638f69635dd3d462bd.jpg 51,129,112,200,0 103,119,154,199,0 166,124,257,222,0 513,106,585,175,0 237,135,451,295,0 423,71,513,181,1 210,47,307,190,1
ezgif-frame-008_jpg.rf.dff4f6177d46dbd131c3e6940b49d39b.jpg 529,129,590,200,0 487,119,538,199,0 384,124,475,222,0 55,106,127,175,0 189,135,403,295,0 127,71,217,181,1 334,47,431,190,1
ezgif-frame-084_jpg.rf.018aebef9d977e2f7f18444921a7b8fb.jpg 523,140,591,205,0 516,127,550,182,0 332,135,454,205,0 177,108,410,288,0 97,132,128,166,0 55,100,108,155,1 110,86,206,187,1 385,64,523,229,1
ezgif-frame-037_jpg.rf.5af25453508c09f5aa6dc8eeb368b5c6.jpg 246,139,464,287,0 516,120,577,164,0 61,138,131,192,0 96,134,133,189,0 121,130,161,179,0 222,134,307,189,0 572,88,594,110,1 454,73,513,191,1 150,62,298,220,1
ezgif-frame-098_jpg.rf.1fff45c221ccd720f8fcec0e381531f7.jpg 115,72,255,220,1 368,94,494,193,1 535,120,581,160,1 511,122,559,163,1 60,138,134,193,0 93,135,149,178,0 179,140,305,193,0 236,113,469,282,0
ezgif-frame-097_jpg.rf.cc5637e1dc25a68e00dd126fcc058baf.jpg 173,112,406,281,0 336,144,443,195,0 516,137,578,192,0 496,133,547,183,0 146,94,261,192,1 385,74,525,229,1 52,121,104,166,1 79,116,134,160,1
ezgif-frame-102_jpg.rf.9026bf5875f727951ccb941b5890baed.jpg 524,140,580,193,0 507,130,552,181,0 334,136,453,196,0 103,131,136,166,0 163,96,281,173,1 63,116,107,162,1 166,109,410,284,0 412,74,526,214,1
ezgif-frame-135_jpg.rf.07dcbdc3945d2c7530dd18564890c5dc.jpg 13,0,232,258,1 459,71,545,214,1 336,118,439,188,0 169,128,265,189,0 518,139,578,193,0
ezgif-frame-009_jpg.rf.2056306c0375824939491f04b9abcc2d.jpg 230,144,456,289,0 514,124,578,167,0 59,141,131,194,0 98,136,161,184,0 192,126,292,194,0 435,93,519,195,1 208,65,382,181,1
ezgif-frame-133_jpg.rf.bd96a55f633e76606ca229f944b802c4.jpg 399,1,623,258,1 90,71,178,217,1 374,129,467,191,0 202,119,305,191,0 61,141,124,193,0
ezgif-frame-002_jpg.rf.800f8076319427988cdfbc43e0b5bc67.jpg 531,147,600,212,0 491,135,523,200,0 395,130,466,215,0 66,121,130,183,0 190,146,410,296,0 136,91,211,200,1 306,59,431,192,1
ezgif-frame-009_jpg.rf.c19ec17637b3d768d1eebae0f64bfe4e.jpg 184,144,410,289,0 62,124,126,167,0 509,141,581,194,0 480,136,543,184,0 348,126,448,194,0 121,93,205,195,1 258,65,432,181,1
ezgif-frame-134_jpg.rf.b8ab2b39178d7cf162bea7639eae4ad5.jpg 537,141,583,196,0 341,118,440,203,0 214,129,287,192,0 9,16,234,261,1 467,62,558,224,1
ezgif-frame-103_jpg.rf.e1d52748a02c2af15084e22dc7f0827b.jpg 240,114,466,275,0 203,140,305,188,0 62,139,132,191,0 97,132,142,181,0 113,71,255,219,1 356,98,471,172,1 537,120,581,160,1 505,121,562,160,1 572,114,586,133,1
ezgif-frame-011_jpg.rf.845ef85151e863e574900a068fe2d5e5.jpg 180,143,396,285,0 348,126,448,194,0 508,141,582,196,0 479,135,543,184,0 65,121,125,168,0 125,88,201,191,1 256,65,432,183,1
ezgif-frame-058_jpg.rf.793dcb12a21e0fb7b811d02bd8c7df28.jpg 518,113,573,155,0 189,131,307,196,0 50,138,120,196,0 563,81,599,128,0 446,76,520,190,1 100,62,258,220,1 243,121,458,284,1
ezgif-frame-091_jpg.rf.3c2985bcd0472a7e8af95f8124453168.jpg 531,136,586,197,0 516,127,549,174,0 103,135,134,170,0 58,120,118,159,0 327,135,446,196,0 178,114,413,282,0 128,85,244,187,1 375,70,543,220,1
ezgif-frame-087_jpg.rf.472d32503a058c2b9ab06c40a937fd46.jpg 515,139,582,196,0 480,134,546,184,0 333,141,441,192,0 175,114,406,278,0 85,141,132,164,0 57,113,121,167,1 120,91,243,202,1 386,68,539,221,1
ezgif-frame-137_jpg.rf.6708b0d42ca5ae0a6e6e2d23b4f651ed.jpg 407,1,619,220,1 98,71,181,219,1 203,119,321,190,0 372,129,477,194,0 61,141,122,191,0
ezgif-frame-001_jpg.rf.dc59ea90bfbded82ed905bb2f78aaa27.jpg 174,140,406,305,0 527,145,582,209,0 479,132,519,192,0 403,119,453,211,0 57,117,127,177,0 137,91,211,183,1 308,65,432,185,1
ezgif-frame-057_jpg.rf.5bc206c1e01da0c1952141a1321bb889.jpg 58,133,119,203,0 83,118,124,178,0 178,123,317,197,0 516,119,577,164,0 564,76,606,121,1 452,78,525,186,1 236,129,465,294,1 104,58,266,207,1
ezgif-frame-037_jpg.rf.7c92a243ee62430050582b3039278ac5.jpg 176,139,394,287,0 64,120,125,164,0 509,138,579,192,0 508,134,545,189,0 479,130,519,179,0 334,134,419,189,0 46,88,68,110,1 128,73,187,191,1 342,62,490,220,1
ezgif-frame-109_jpg.rf.9adc473c5401bff0e8711d95ebeead83.jpg 55,117,101,164,1 77,123,132,163,1 54,112,72,131,1 168,107,287,182,1 389,72,519,218,1 508,135,581,189,0 491,131,547,179,0 340,140,461,196,0 169,111,403,282,0
ezgif-frame-184_jpg.rf.a5656c7bb1ce129ea8c7786f5d01f1cf.jpg 1,81,80,226,1 320,72,433,206,1 468,112,518,159,1 149,120,261,194,0 59,112,107,166,0 95,132,131,160,0 397,128,440,194,0 516,135,581,194,0
ezgif-frame-136_jpg.rf.f6297406928a22f9340b0d13054641f7.jpg 52,136,113,200,0 199,119,293,201,0 366,129,445,197,0 424,14,640,271,1 91,67,190,217,0
ezgif-frame-151_jpg.rf.4cd539d62988f846152af048905c8e74.jpg 0,56,160,228,1 153,128,272,191,0 330,128,436,193,0 504,136,581,192,0 424,77,543,207,1 550,106,591,146,1
ezgif-frame-055_jpg.rf.0e3ec239916b6508df551d0456407998.jpg 235,139,465,287,0 520,123,578,163,0 198,139,302,195,0 62,140,133,191,0 97,134,137,185,0 572,88,595,119,1 455,78,517,190,1 101,61,256,227,1
ezgif-frame-024_jpg.rf.79324ccb3642b3c0c9208c38661510f5.jpg 48,130,133,210,0 94,103,164,190,0 177,128,241,212,0 508,107,594,171,0 229,131,459,300,0 418,72,523,196,1 183,65,393,197,1
ezgif-frame-038_jpg.rf.ca836b8831b21b42164f449cbdcb6e9c.jpg 238,140,462,288,0 512,121,578,162,0 62,137,131,196,0 96,134,129,190,0 120,131,156,182,0 152,64,288,231,1 454,72,512,191,1 210,136,305,188,0 572,88,596,115,1
ezgif-frame-118_jpg.rf.a6e571e58f4c7275cf162189e9ab69ef.jpg 289,39,533,285,1 533,117,579,164,1 514,120,567,162,1 570,116,583,130,1 116,72,237,213,1 61,139,132,190,0 96,138,140,181,0 201,142,298,193,0
ezgif-frame-087_jpg.rf.aeef536f1a2d9880c15c82c3a917705c.jpg 59,139,126,196,0 94,134,160,184,0 199,141,307,192,0 235,114,466,278,0 509,141,556,164,0 519,113,583,167,1 398,91,521,202,1 102,68,255,221,1
ezgif-frame-090_jpg.rf.fda327aeab738e38cc19cb230a7c5d6a.jpg 176,114,409,282,0 506,137,581,190,0 496,133,547,181,0 334,137,447,193,0 62,121,121,164,1 69,122,127,159,1 384,70,543,223,1 132,89,245,193,1
ezgif-frame-038_jpg.rf.356c9254df389dc02cd853a3151899c6.jpg 178,140,402,288,0 62,121,128,162,0 510,137,579,196,0 512,134,545,190,0 484,131,520,182,0 352,64,488,231,1 128,72,186,191,1 336,136,431,188,0 44,88,68,115,1
ezgif-frame-104_jpg.rf.849acf70ddd22e8d4e51d6ca718e2c18.jpg 58,138,118,195,0 91,126,131,182,0 501,132,536,166,0 197,130,300,200,0 236,116,465,285,0 533,116,581,165,1 358,92,473,172,1 111,73,260,224,1
ezgif-frame-003_jpg.rf.8cbcf3c070e2b4ea1ed4ec585b9c229a.jpg 237,143,463,289,0 61,144,127,197,0 93,140,128,190,0 119,139,169,190,0 194,131,293,194,0 518,124,581,171,0 434,104,513,199,1 210,69,383,186,1
ezgif-frame-184_jpg.rf.9e95c58cd3de4ced48e8b4d9f2861e1e.jpg 561,81,640,226,1 208,72,321,206,1 122,112,172,159,1 379,120,491,194,0 533,112,581,166,0 509,132,545,160,0 201,128,244,194,0 60,135,125,194,0
ezgif-frame-041_jpg.rf.e7caa7dcd0a0e126243c948a7afac5cd.jpg 518,130,585,202,0 509,119,552,194,0 53,106,128,171,0 181,133,406,304,0 111,61,210,182,1 350,51,528,228,1
ezgif-frame-041_jpg.rf.94d381a4f97cab842e456780a62f117c.jpg 56,130,123,202,0 89,119,132,194,0 513,106,588,171,0 235,133,460,304,0 431,61,530,182,1 112,51,290,228,1
ezgif-frame-183_jpg.rf.7576a1ed4489d8c3a4dca4cc2d885fd7.jpg 1,79,95,222,1 319,70,430,200,1 466,113,526,171,1 57,115,105,174,1 148,121,262,187,0 389,121,438,196,0 505,137,581,193,0
ezgif-frame-058_jpg.rf.3f6e8a3e9f028a50f50b86a91b947a95.jpg 68,113,123,155,0 333,131,451,196,0 520,138,590,196,0 41,81,77,128,0 120,76,194,190,1 382,62,540,220,1 183,121,398,284,1
ezgif-frame-011_jpg.rf.fefacf5997e9aef49ef31a83af3644be.jpg 244,143,460,285,0 192,126,292,194,0 58,141,132,196,0 97,135,161,184,0 515,121,575,168,0 439,88,515,191,1 208,65,384,183,1
ezgif-frame-131_jpg.rf.7f0c351774036ecc17bb06e403ede7f0.jpg 543,132,593,197,0 328,117,438,200,0 198,128,278,200,0 8,20,250,275,1 461,67,559,215,1
ezgif-frame-005_jpg.rf.4c11c36e8c95be398f6ca450eff5db10.jpg 536,140,587,201,0 487,130,527,190,0 393,126,458,216,0 51,109,130,176,0 134,91,208,196,1 312,45,443,221,1 195,132,417,291,0
ezgif-frame-112_jpg.rf.e7c5ba818984d7d4bb2bfa2becf812c0.jpg 59,137,109,195,0 89,126,120,191,0 189,136,293,202,0 432,136,492,194,0 243,90,478,287,0 505,130,541,163,0 528,116,583,167,1 119,64,249,212,1
ezgif-frame-118_jpg.rf.c5c2ec2313aa2aacd30d09c361ab8c81.jpg 107,39,351,285,1 61,117,107,164,1 74,120,127,162,1 58,116,71,130,1 404,72,525,213,1 509,139,580,190,0 500,138,544,181,0 343,142,440,193,0
ezgif-frame-059_jpg.rf.5d3a9de88f1d6152e5b8aeb7e8e6affc.jpg 178,128,407,285,0 62,121,121,164,0 340,134,441,194,0 508,139,578,194,0 498,133,547,191,0 43,86,70,116,1 121,80,187,193,1 397,62,541,225,1
ezgif-frame-006_jpg.rf.58c5f1202701092802685d316829be5e.jpg 176,143,393,287,0 514,140,581,196,0 478,133,541,184,0 347,129,446,195,0 62,120,125,166,0 127,93,205,200,1 258,64,433,171,1
ezgif-frame-012_jpg.rf.a2392bd6dd647a6732861e7b0e89cae8.jpg 179,144,396,285,0 512,139,581,197,0 476,133,546,184,0 349,130,447,192,0 63,121,126,168,0 121,82,205,203,1 257,66,432,177,1
ezgif-frame-049_jpg.rf.b569e974a1f28b78dcac6690f87442b0.jpg 383,61,540,226,1 124,71,182,191,1 47,91,70,122,1 61,121,122,162,0 509,138,582,193,0 502,134,548,189,0 334,138,459,193,0 176,141,407,284,0
ezgif-frame-092_jpg.rf.90bd59a6d992f795f52cfbfc2d616c63.jpg 528,137,582,193,0 515,124,550,186,0 326,131,446,202,0 105,135,136,161,0 170,115,404,284,0 60,120,112,165,1 136,90,251,195,1 376,68,541,223,1
ezgif-frame-136_jpg.rf.8c39bd28d52d78b3546e6efd2883e6e9.jpg 528,136,589,200,0 347,119,441,201,0 196,129,275,197,0 0,14,216,271,1 451,67,550,217,0
ezgif-frame-085_jpg.rf.bf7d526394bc0ffc737c4a20c37e3408.jpg 383,66,523,226,1 108,89,222,199,1 59,114,118,161,1 180,112,399,281,0 85,140,131,164,0 330,140,438,192,0 509,139,580,188,0 497,134,547,183,0
ezgif-frame-083_jpg.rf.c792fb9a405add274cba0e747499ada6.jpg 82,132,130,160,0 333,143,442,196,0 515,139,580,192,0 485,133,544,180,0 109,86,213,188,1 54,110,113,162,1 177,112,404,283,1 383,65,524,222,1
ezgif-frame-048_jpg.rf.5454aec426c0dc5a020d68c50a5e9458.jpg 518,133,586,201,0 63,110,126,165,0 320,111,462,210,0 171,127,412,290,0 37,72,87,129,1 116,53,214,191,1 360,40,550,216,1
ezgif-frame-117_jpg.rf.9d27870a4d874c5e90b48a13fa60e07c.jpg 273,39,532,286,1 116,71,217,216,1 535,117,583,164,1 512,119,558,162,1 570,113,580,131,1 61,139,134,191,0 97,138,159,185,0 197,143,304,197,0
ezgif-frame-039_jpg.rf.5bebd3e69ac10ef29b086eb12e3eabc7.jpg 518,120,586,202,0 488,104,552,193,0 40,89,132,171,0 180,123,409,294,0 106,50,200,195,1 344,51,505,211,1
ezgif-frame-161_jpg.rf.5a7428705fae011ff4488bff1c3df81b.jpg 0,63,156,238,1 153,123,274,192,0 331,143,441,194,0 515,138,584,192,0 481,134,510,184,0 362,77,508,208,1 519,100,586,150,1
ezgif-frame-119_jpg.rf.0cbf3a68dbdab8cb03f81928e71a1e42.jpg 55,139,109,198,0 86,124,121,184,0 203,118,300,196,0 506,129,539,165,0 527,118,583,166,1 306,56,536,286,1 104,69,239,225,1
ezgif-frame-088_jpg.rf.7e4e1244d5e6f9f1c735c688f3a459cf.jpg 52,139,116,197,0 91,127,130,180,0 193,136,311,201,0 511,140,536,165,0 230,113,467,287,0 518,111,582,160,1 395,88,513,191,1 101,64,261,218,1
ezgif-frame-040_jpg.rf.4d2572673558b06bfa69d669a27d9597.jpg 454,74,515,191,1 142,61,278,218,1 572,89,596,109,1 515,117,579,165,0 246,141,460,286,0 60,138,131,194,0 95,134,123,185,0 131,133,163,181,0 212,138,305,189,0
ezgif-frame-082_jpg.rf.158d97817e447c6b8bd197e4df520f1b.jpg 115,64,255,219,1 425,84,525,192,1 524,109,587,159,1 58,139,137,192,0 94,134,146,185,0 193,141,307,190,0 232,111,466,282,0 510,133,569,168,0
ezgif-frame-076_jpg.rf.b88f9bf18953eaf7f7bfe6f80745e557.jpg 50,107,104,144,1 129,84,214,195,1 380,63,541,222,1 174,126,404,287,0 71,133,132,165,0 336,140,441,192,0 513,138,582,191,0 493,134,544,179,0
ezgif-frame-141_jpg.rf.1f97a0248b4c541e12688c2e172c6696.jpg 0,39,156,250,1 153,130,270,194,0 330,124,438,189,0 524,139,582,197,0 450,73,538,218,1
ezgif-frame-081_jpg.rf.ac9c659fa2a8e03120544020916c0993.jpg 232,113,465,284,0 516,137,575,172,0 201,136,310,190,0 57,138,128,191,0 98,134,147,177,0 426,85,518,195,1 115,64,255,225,1 527,107,590,142,1
ezgif-frame-117_jpg.rf.809e6910129ccc3756b970d562bd0e6a.jpg 109,39,368,286,1 424,71,525,216,1 57,117,105,164,1 82,119,128,162,1 60,113,70,131,1 507,139,580,191,0 481,138,543,185,0 337,143,444,197,0
ezgif-frame-044_jpg.rf.bd07fb7b93ade200a333084770b84d14.jpg 523,134,584,202,0 513,122,548,182,0 64,112,126,164,0 325,126,437,201,0 184,127,405,284,0 35,74,85,127,1 112,55,209,180,1 368,54,549,211,1
ezgif-frame-093_jpg.rf.e57a8de177b83122606d790d431fbe3f.jpg 384,69,540,227,1 140,91,244,195,1 58,122,113,166,1 76,118,128,161,1 179,112,405,280,0 336,138,453,194,0 507,137,581,187,0 486,133,549,179,0
ezgif-frame-030_jpg.rf.974980a3081ef12785493a10f009b50c.jpg 508,91,593,177,0 50,128,120,206,0 103,107,175,192,0 228,122,473,297,0 430,57,530,197,1 148,52,347,212,1
ezgif-frame-046_jpg.rf.146de4bfa7e4d5cf57fdc18d42624750.jpg 101,63,261,220,1 455,73,516,195,1 569,88,597,120,1 238,141,461,286,0 514,120,580,160,0 59,138,120,194,0 98,135,136,190,0
ezgif-frame-162_jpg.rf.34c1478520013f7c61806383f30b6d9b.jpg 521,136,581,196,0 516,96,595,149,1 312,129,432,199,0 358,76,513,196,1 1,46,156,236,1 155,103,296,201,0
ezgif-frame-120_jpg.rf.7178704a93a8bbf156dac89b9b418583.jpg 58,134,113,202,0 196,114,304,199,0 508,123,538,167,0 525,111,582,161,1 310,56,540,277,1 100,65,224,214,1
ezgif-frame-154_jpg.rf.c0a9838aac5018b297a1d86d263df286.jpg 40,101,102,151,1 55,133,120,197,0 194,121,306,208,0 365,127,488,204,0 473,46,640,239,1 90,74,225,196,1
ezgif-frame-078_jpg.rf.9a32d5bd0eb079fa8c2fa4935ce838b3.jpg 522,136,583,194,0 517,125,551,174,0 87,130,136,162,0 324,132,458,194,0 178,114,406,287,0 51,101,120,141,1 135,85,226,180,1 373,60,530,222,1
ezgif-frame-160_jpg.rf.76a19483f944dbc6e487d6f3d41007f1.jpg 520,95,600,153,1 506,134,585,201,0 333,136,437,201,0 156,126,281,201,0 1,47,164,228,1 356,74,525,209,1
ezgif-frame-027_jpg.rf.c5623776da05544d5b20bc09fcbf4bf0.jpg 128,80,194,190,1 293,67,439,220,1 181,140,404,283,0 374,127,448,198,0 508,137,581,194,0 477,133,548,185,0 63,121,131,168,0
ezgif-frame-132_jpg.rf.9ded6e65081dec424f5e3adc6d2b3e7d.jpg 393,29,629,261,1 88,71,179,212,1 204,121,310,190,0 375,129,467,190,0 62,139,128,191,0
ezgif-frame-019_jpg.rf.d937fab3a7c82ed3a27659b476d14dca.jpg 531,138,588,196,0 484,118,549,190,0 391,123,465,208,0 54,101,140,175,0 195,130,410,298,0 113,69,228,178,1 286,42,438,187,1
ezgif-frame-055_jpg.rf.f3607443a051153de71d0da93b844d9b.jpg 175,139,405,287,0 62,123,120,163,0 338,139,442,195,0 508,140,579,191,0 503,134,543,185,0 46,88,69,119,1 123,78,185,190,1 385,61,540,227,1
ezgif-frame-015_jpg.rf.e7c663095d73ed7d4479fa7c85a7f137.jpg 259,64,430,187,1 123,82,204,192,1 182,143,403,289,0 513,139,581,197,0 478,135,543,190,0 63,121,124,166,0 335,127,449,195,0
ezgif-frame-139_jpg.rf.54bbbd043cdf16d638f6897486f65f23.jpg 1,36,198,241,1 457,74,540,213,1 148,130,271,190,0 336,122,438,195,0 521,137,579,193,0
ezgif-frame-057_jpg.rf.80c94551373d850eb948c6ad2aba9744.jpg 522,133,583,203,0 517,118,558,178,0 324,123,463,197,0 64,119,125,164,0 34,76,76,121,1 116,78,189,186,1 176,129,405,294,1 374,58,536,207,1
ezgif-frame-053_jpg.rf.9e0a6e4e92a481a954c8100995f25cd6.jpg 177,141,402,280,0 62,122,123,163,0 514,138,579,193,0 505,134,543,178,0 337,141,440,190,0 47,89,68,117,1 126,77,185,192,1 388,61,538,224,1
ezgif-frame-034_jpg.rf.bc7803cd5036839bc59fc0e8e0acf657.jpg 517,132,589,207,0 483,117,543,190,0 47,97,130,179,0 180,128,410,285,0 112,51,199,194,1 310,24,495,220,1
ezgif-frame-137_jpg.rf.e7fd5975eee30732933a8589ef391d32.jpg 21,1,233,220,1 460,71,543,219,1 319,119,437,190,0 164,129,269,194,0 519,141,580,191,0
ezgif-frame-050_jpg.rf.6df69d6860a3ca7f865a22a94a11cd3e.jpg 524,132,592,205,0 514,117,558,178,0 67,115,123,170,0 325,121,457,210,0 29,69,84,136,1 124,66,206,191,1 371,36,546,226,1 177,115,405,305,0
ezgif-frame-033_jpg.rf.ab47046856295b7403475e16f429a3ab.jpg 520,125,580,205,0 484,107,542,197,0 45,86,129,176,0 167,124,417,324,0 103,53,212,188,1 306,42,481,207,1
ezgif-frame-018_jpg.rf.b6c5bd184e316794b280c553f354671f.jpg 210,64,381,191,1 438,82,519,192,1 513,121,575,172,0 248,140,463,280,0 61,138,131,197,0 93,134,166,185,0 192,126,302,196,0
ezgif-frame-081_jpg.rf.97c2b8648e30659b078664b72e9e1e4d.jpg 176,113,409,284,0 66,137,125,172,0 331,136,440,190,0 513,138,584,191,0 494,134,543,177,0 122,85,214,195,1 385,64,525,225,1 51,107,114,142,1
ezgif-frame-112_jpg.rf.936e3b65bd66ca9d7e43812a43a87acb.jpg 531,137,581,195,0 521,126,552,191,0 347,136,451,202,0 148,136,208,194,0 163,90,398,287,0 99,130,135,163,0 58,116,113,167,1 391,64,521,212,1
ezgif-frame-077_jpg.rf.0cd7f5514d7dedb9433ee66460924088.jpg 101,64,257,222,1 428,84,512,193,1 532,108,590,140,1 62,139,126,192,0 95,134,157,180,0 192,139,311,194,0 511,133,572,164,0 397,33,400,37,0 238,118,466,284,0
ezgif-frame-018_jpg.rf.710cda2b3d1e5eba96f89aff4a57d87f.jpg 260,64,431,191,1 122,82,203,192,1 65,121,127,172,0 178,140,393,280,0 509,138,579,197,0 475,134,548,185,0 338,126,448,196,0
ezgif-frame-017_jpg.rf.7c9dcd5bc44d0158bb74c3ce0e67dcfa.jpg 48,137,116,210,0 95,109,153,190,0 164,123,246,218,0 501,109,591,178,0 233,137,445,305,0 435,62,496,184,1 207,50,391,190,1
ezgif-frame-020_jpg.rf.1ccd6e4e07875eff9b0590f63004129c.jpg 518,134,592,207,0 482,112,545,197,0 387,112,474,212,0 53,110,139,176,0 194,127,405,303,0 134,71,229,193,1 259,51,457,174,1
ezgif-frame-120_jpg.rf.5fc98aa983a4fb38f283f8b4afcd24b6.jpg 528,134,583,202,0 336,114,444,199,0 102,123,132,167,0 59,111,116,161,1 100,56,330,277,1 416,65,540,214,1
ezgif-frame-045_jpg.rf.9f99a7532679567872969744566009af.jpg 520,134,593,199,0 59,108,131,171,0 324,118,458,201,0 177,129,413,288,0 33,69,83,127,1 117,56,214,190,1 352,49,554,207,1
ezgif-frame-047_jpg.rf.58e643af8cc67cc422dc5c7fd2459483.jpg 61,121,123,160,0 331,143,441,186,0 514,138,579,195,0 500,134,548,182,0 181,138,403,277,0 41,86,73,122,1 124,71,182,192,1 380,63,541,214,1
ezgif-frame-179_jpg.rf.13872a69084dda81777896c2e6288712.jpg 522,141,582,196,0 463,98,550,168,1 166,122,274,197,0 2,68,110,218,1 323,71,448,208,1
ezgif-frame-029_jpg.rf.2280578ff900711ee7ce4caef95745c1.jpg 449,75,513,193,1 187,70,331,208,1 236,139,463,285,0 66,136,122,202,0 93,132,131,190,0 119,133,165,177,0 515,119,585,166,0
ezgif-frame-056_jpg.rf.6d07228b9bd6261b79307e92ce2a42e7.jpg 49,89,69,121,1 120,83,186,192,1 388,62,541,224,1 173,140,400,278,0 64,124,122,163,0 337,142,443,188,0 510,137,578,190,0 497,133,541,186,0
ezgif-frame-161_jpg.rf.1ef5130a233ace93414ff3de31024229.jpg 484,63,640,238,1 367,123,488,192,0 199,143,309,194,0 57,138,126,192,0 131,134,160,184,0 132,77,278,208,1 55,100,122,150,1
ezgif-frame-036_jpg.rf.1c79fdc3e11333da21139b15d38842bd.jpg 151,65,303,224,1 456,73,515,193,1 240,139,465,282,0 517,119,579,162,0 60,136,127,192,0 94,131,129,183,0 123,133,167,182,0 574,91,597,114,1
ezgif-frame-114_jpg.rf.38ff4873c564d776f4cab5859528fc9c.jpg 537,141,582,194,0 522,130,557,185,0 375,130,440,195,0 147,139,190,190,0 97,132,140,162,0 66,112,111,162,1 160,86,361,289,1 390,71,525,218,1
ezgif-frame-131_jpg.rf.320cf854a4aac3946dd3c1a4348f2ae1.jpg 47,132,97,197,0 202,117,312,200,0 362,128,442,200,0 390,20,632,275,1 81,67,179,215,1
ezgif-frame-088_jpg.rf.bb024cd09cd43738b2093edaebe4326e.jpg 524,139,588,197,0 511,127,550,180,0 329,136,447,201,0 105,140,130,165,0 174,113,411,287,0 58,111,122,160,1 127,88,245,191,1 379,64,539,218,1
ezgif-frame-067_jpg.rf.23d94852e94c218e293cd4596eff5564.jpg 69,120,126,165,0 329,133,447,203,0 528,136,581,203,0 518,128,552,178,0 189,120,414,288,0 47,95,83,136,1 118,75,196,198,1 379,60,542,212,1
ezgif-frame-079_jpg.rf.2e3feefc84ef25c27071419b6507449e.jpg 58,138,113,202,0 84,131,126,183,0 196,131,317,200,0 509,128,559,163,0 235,113,463,283,0 519,103,597,143,1 415,81,510,185,1 115,65,265,221,1
ezgif-frame-119_jpg.rf.ab521e0018f2801afc3a5f746b4b4a70.jpg 531,139,585,198,0 520,124,555,184,0 341,118,438,196,0 102,129,135,165,0 57,118,113,166,1 104,56,334,286,1 402,69,537,225,1
ezgif-frame-160_jpg.rf.fba8c463d6fab38dbf70958b706e2f5d.jpg 40,95,120,153,1 56,134,135,201,0 203,136,307,201,0 360,126,485,201,0 477,47,640,228,1 116,74,285,209,1
ezgif-frame-162_jpg.rf.b1fd0f7df4dba00b4a5c14fe2c28a118.jpg 59,136,119,196,0 46,96,125,149,1 208,129,328,199,0 128,76,283,196,1 485,46,640,236,1 345,103,486,201,0
ezgif-frame-103_jpg.rf.f61e41dcae9d10410820b9c5206b36d5.jpg 174,114,400,275,0 335,140,437,188,0 508,139,578,191,0 499,132,544,181,0 385,71,527,219,1 170,98,285,172,1 59,120,103,160,1 79,121,136,160,1 54,114,68,133,1
ezgif-frame-023_jpg.rf.c5c784e2c5d76f6e1faedffd1e3ebf52.jpg 183,140,410,284,0 509,139,579,196,0 480,134,539,185,0 353,126,445,195,0 60,121,129,170,0 128,81,206,189,1 264,65,435,177,1
ezgif-frame-082_jpg.rf.156b3255ef32b45e7db05f620edcc0cc.jpg 385,64,525,219,1 115,84,215,192,1 54,109,117,159,1 504,139,583,192,0 494,134,546,185,0 333,141,447,190,0 174,111,408,282,0 72,133,131,168,0
ezgif-frame-154_jpg.rf.6b9125114f3836e01b3adec28610af23.jpg 538,101,600,151,1 521,133,586,197,0 334,121,446,208,0 153,127,276,204,0 1,46,168,239,1 416,74,551,196,1
ezgif-frame-100_jpg.rf.9d1fba52ac5974b908725140505df24e.jpg 60,139,117,202,0 92,129,127,179,0 179,137,319,200,0 505,131,535,161,0 528,121,576,162,1 232,111,470,286,0 362,90,490,166,1 115,69,258,237,1
ezgif-frame-047_jpg.rf.ca5c90ae701edfdf5452ab782952b019.jpg 517,121,579,160,0 199,143,309,186,0 62,138,127,195,0 92,134,140,182,0 237,138,459,277,0 567,86,599,122,1 458,71,516,192,1 100,63,261,214,1
ezgif-frame-064_jpg.rf.4f3603618d755877b2db1b7caac9794b.jpg 58,139,123,194,0 90,127,125,171,0 171,132,312,200,0 515,121,575,165,0 557,94,601,129,1 455,76,526,186,1 98,64,258,227,1 235,124,460,292,0
ezgif-frame-022_jpg.rf.7f695d8839ad24eeaffd4f7a95723796.jpg 41,91,138,178,0 404,115,468,205,0 517,141,595,209,0 491,114,539,198,0 187,132,407,296,0 116,55,220,181,1 254,42,449,190,1
ezgif-frame-024_jpg.rf.05e323053b3c75d6d86eed871ca7bb58.jpg 508,130,593,210,0 476,103,546,190,0 399,128,463,212,0 46,107,132,171,0 181,131,411,300,0 118,72,223,196,1 247,65,457,197,1
ezgif-frame-141_jpg.rf.48630a45545995d2ba6b2e17dd0734a8.jpg 484,39,640,250,1 371,130,488,194,0 202,124,310,189,0 58,139,116,197,0 102,73,190,218,1
ezgif-frame-091_jpg.rf.559266d6d36d139330be23cf3f8e0c78.jpg 55,136,110,197,0 92,127,125,174,0 507,135,538,170,0 522,120,582,159,0 195,135,314,196,0 228,114,463,282,0 396,85,512,187,1 97,70,265,220,1
ezgif-frame-030_jpg.rf.dd91bda8b085219edfe222bdfd963c20.jpg 48,91,133,177,0 520,128,590,206,0 465,107,537,192,0 168,122,413,297,0 110,57,210,197,1 294,52,493,212,1
ezgif-frame-023_jpg.rf.3d7058a326f3fa841fa25a70e4c5ea00.jpg 231,140,458,284,0 61,139,131,196,0 102,134,161,185,0 195,126,287,195,0 512,121,581,170,0 434,81,512,189,1 206,65,377,177,1
ezgif-frame-105_jpg.rf.2087f85ed73fa0e59c6363e2475bb47a.jpg 525,141,585,200,0 513,133,548,187,0 326,136,448,191,0 99,130,136,166,0 161,115,402,281,0 66,116,109,158,1 173,88,290,172,1 382,72,531,231,1
ezgif-frame-028_jpg.rf.ad0ca89cb8ce8f65154824f69947aa40.jpg 125,80,194,191,1 301,71,445,212,1 183,138,402,285,0 509,140,577,193,0 476,136,545,184,0 382,128,449,195,0 62,119,129,172,0
ezgif-frame-026_jpg.rf.35f0b07c27a9ddd6f68e58efcd7f58fc.jpg 178,138,404,285,0 64,120,127,166,0 509,137,582,193,0 474,134,545,181,0 366,126,445,190,0 130,79,195,194,1 279,71,435,192,1
ezgif-frame-045_jpg.rf.993779437d9d838ce4685073a9e82c6c.jpg 48,134,121,199,0 509,108,581,171,0 182,118,316,201,0 227,129,463,288,0 557,69,607,127,1 427,56,524,190,1 86,49,288,207,1
ezgif-frame-142_jpg.rf.bb93afb71f4b22939db6a1a1c46802ca.jpg 527,132,588,198,0 341,128,442,196,0 150,119,287,202,0 0,44,158,246,1 434,69,550,214,1
ezgif-frame-090_jpg.rf.b607141ff5e58785adc747975e08f913.jpg 232,114,465,282,0 60,137,135,190,0 94,133,145,181,0 194,137,307,193,0 520,121,579,164,1 513,122,571,159,1 98,70,257,223,1 396,89,509,193,1
ezgif-frame-027_jpg.rf.e676b9d7ce278f97382d63febdaeba46.jpg 446,80,512,190,1 201,67,347,220,1 237,140,460,283,0 192,127,266,198,0 60,137,133,194,0 93,133,164,185,0 509,121,577,168,0
ezgif-frame-046_jpg.rf.e86ef8be246bbee411d0dfb55bde92b3.jpg 379,63,539,220,1 125,73,186,195,1 43,88,71,120,1 180,141,403,286,0 60,120,126,160,0 521,138,582,194,0 504,135,542,190,0
ezgif-frame-140_jpg.rf.aea115a6a362e84fa433105bc687146b.jpg 339,116,443,200,0 166,122,281,207,0 525,133,591,199,0 454,64,545,212,1 0,26,170,260,1
ezgif-frame-174_jpg.rf.410c02cb4f3022d1a6d13536301c121f.jpg 521,56,640,242,1 180,79,304,201,1 86,107,166,145,1 369,119,490,191,0 60,139,127,195,0 133,139,169,182,0
ezgif-frame-052_jpg.rf.868e56f5976fb848972cd16c35ad094d.jpg 48,91,67,124,1 124,76,186,196,1 389,64,539,221,1 178,136,399,284,0 511,136,582,192,0 507,131,545,189,0 66,121,123,168,0 334,138,440,197,0
ezgif-frame-109_jpg.rf.b042a33d37a55af3e9c9e4f6f4071ff6.jpg 539,117,585,164,1 509,123,564,163,1 568,112,586,131,1 354,107,473,182,1 121,72,251,218,1 60,135,133,189,0 93,131,149,179,0 180,140,301,196,0 237,111,471,282,0
ezgif-frame-142_jpg.rf.16d26dd926c2d6772eba0a37d3d0f329.jpg 53,132,114,198,0 199,128,300,196,0 354,119,491,202,0 482,44,640,246,1 90,69,206,214,1
ezgif-frame-073_jpg.rf.7cd409ad8346009738d516804866a5a3.jpg 532,137,582,196,0 519,129,551,181,0 77,131,129,161,0 191,121,396,289,0 334,134,453,204,0 44,92,102,141,1 126,78,204,192,1 372,62,545,236,1
ezgif-frame-029_jpg.rf.1077489ed9d2f8d79bddf70d19b2e6e1.jpg 127,75,191,193,1 309,70,453,208,1 178,139,405,285,0 518,136,574,202,0 509,132,547,190,0 475,133,521,177,0 55,119,125,166,0
ezgif-frame-132_jpg.rf.148cd24eb776d40d2074956f0b42050d.jpg 11,29,247,261,1 462,71,553,212,1 330,121,436,190,0 173,129,265,190,0 512,139,578,191,0
ezgif-frame-025_jpg.rf.cc75fc73c8374bece24f39070f0a0bf9.jpg 180,142,399,284,0 61,121,127,162,0 358,128,448,199,0 506,137,581,194,0 475,134,545,185,0 129,80,195,195,1 271,67,434,186,1
ezgif-frame-110_jpg.rf.1efc94be6521c34dbef177b7fda28f55.jpg 170,106,400,283,0 514,140,582,196,0 497,138,545,179,0 343,140,439,194,0 166,107,285,180,1 390,72,518,223,1 57,117,101,166,1 80,121,131,163,1 57,112,70,129,1
ezgif-frame-075_jpg.rf.b4ea09072fd9a2c3f052d2e4ac8db462.jpg 174,124,406,279,0 518,136,580,191,0 494,132,546,183,0 338,141,445,196,0 74,132,130,166,0 47,104,101,140,1 129,86,211,194,1 383,63,542,221,1
ezgif-frame-028_jpg.rf.9204f5c3829c5885032dd4b27982f65e.jpg 447,80,516,191,1 195,71,339,212,1 239,138,458,285,0 63,140,131,193,0 96,136,165,184,0 192,128,259,195,0 512,119,579,172,0
ezgif-frame-093_jpg.rf.47021238eaf74f69ce92edb3de54111b.jpg 100,69,256,227,1 396,91,500,195,1 528,122,583,166,1 512,118,564,161,1 235,112,461,280,0 188,138,305,194,0 59,137,133,187,0 92,133,155,179,0
ezgif-frame-051_jpg.rf.4cd473807f405d84319393775343135e.jpg 530,134,588,201,0 524,123,554,191,0 60,110,124,165,0 331,123,451,198,0 172,127,423,292,0 39,79,80,128,1 124,70,197,190,1 387,63,533,212,1
ezgif-frame-166_jpg.rf.a6770349c180c306bf0dd0a964655bb6.jpg 59,134,122,196,0 44,100,141,153,1 226,135,313,190,0 356,118,484,192,0 142,77,285,209,1 479,64,640,227,1
ezgif-frame-064_jpg.rf.584530faf59179d30b968d4b1c863093.jpg 518,139,583,194,0 516,127,551,171,0 329,132,470,200,0 65,121,125,165,0 39,94,83,129,1 115,76,186,186,1 382,64,542,227,1 181,124,406,292,0
ezgif-frame-182_jpg.rf.f30e4daec60f73a1e5ca8ea60e756e27.jpg 542,79,639,228,1 204,72,318,204,1 109,104,181,172,1 537,110,587,172,1 373,121,491,191,0 204,126,243,198,0 57,135,130,191,0
ezgif-frame-070_jpg.rf.a25d441056672d2726e68337bbe3efe0.jpg 384,61,539,220,1 132,77,190,189,1 56,104,83,131,1 176,122,400,284,0 66,124,126,163,0 509,138,581,191,0 498,135,543,180,0 334,137,436,194,0
ezgif-frame-104_jpg.rf.d013138327c1568959badd92aba67004.jpg 522,138,582,195,0 509,126,549,182,0 105,132,140,166,0 341,130,444,200,0 176,116,405,285,0 59,116,107,165,1 168,92,283,172,1 381,73,530,224,1
ezgif-frame-124_jpg.rf.dd2004c37b8722fa02a68a2f193ba01b.jpg 69,64,319,239,1 453,69,558,216,1 58,117,106,165,1 69,111,123,164,1 519,149,581,196,0 325,116,436,198,0
ezgif-frame-182_jpg.rf.db94a1dc363bbe48ddfe8a5f8477e654.jpg 2,79,99,228,1 322,72,436,204,1 459,104,531,172,1 53,110,103,172,1 149,121,267,191,0 398,126,437,198,0 511,135,584,191,0
ezgif-frame-125_jpg.rf.8d580fee9686ff53897097e24c0147bb.jpg 76,64,315,254,1 458,69,562,214,1 57,117,104,165,1 71,119,121,160,1 336,119,435,192,0 524,155,581,193,0
ezgif-frame-095_jpg.rf.c1a5533f22f813798e7ae813df5b92ce.jpg 514,138,586,196,0 510,129,547,178,0 316,131,449,197,0 106,134,137,165,0 179,115,402,285,0 66,120,106,168,1 140,81,248,186,1 377,68,544,225,1
ezgif-frame-144_jpg.rf.54963ed40f7912c4f218e73a0ee85e99.jpg 0,61,156,236,1 444,74,532,215,1 150,128,272,192,0 336,128,438,195,0 512,140,579,195,0
ezgif-frame-146_jpg.rf.889478f315e94119bd5c20769724690b.jpg 0,55,158,234,1 151,127,272,188,0 331,127,438,192,0 511,137,579,190,0 442,76,525,212,1
ezgif-frame-098_jpg.rf.4eb62a0b2832a7a803e6d134e7741579.jpg 385,72,525,220,1 146,94,272,193,1 59,120,105,160,1 81,122,129,163,1 506,138,580,193,0 491,135,547,178,0 335,140,461,193,0 172,113,405,282,0
ezgif-frame-177_jpg.rf.ed486901c608ce20c5903cbc0a90567c.jpg 55,138,121,197,0 88,104,181,156,1 190,76,322,201,1 363,118,482,199,0 509,57,640,221,1
ezgif-frame-164_jpg.rf.7f3eda8ab2a4bfb3bb05e0152f038a05.jpg 0,68,156,231,1 365,77,497,206,1 503,104,585,151,1 155,118,275,191,0 333,144,442,193,0 478,137,518,186,0 519,138,580,194,0
ezgif-frame-167_jpg.rf.21143680f57fa6dbd8c96b2fd164886f.jpg 59,143,121,193,0 114,125,163,181,0 53,96,143,151,1 232,134,315,195,0 359,113,485,198,0 466,57,640,242,1 151,77,293,205,1
ezgif-frame-143_jpg.rf.0f9d512dc82187a860e08a1326161a87.jpg 0,58,152,233,1 444,74,528,213,1 519,137,578,195,0 152,128,271,191,0 332,127,441,192,0
ezgif-frame-170_jpg.rf.6f5d4eb24f147a608dc808c3cdf85cb1.jpg 507,69,640,232,1 366,122,489,190,0 171,80,307,203,1 64,104,155,147,1 61,141,125,193,0 120,140,166,179,0
ezgif-frame-147_jpg.rf.bb6ed9a81826a65cea859cf2cc06943c.jpg 522,133,581,201,0 160,127,276,209,0 329,121,442,200,0 553,90,598,136,1 430,70,536,200,1 1,44,176,240,1
ezgif-frame-148_jpg.rf.5e5b12b0b1e7a0d5305fb65b753c20ed.jpg 45,93,87,143,1 54,131,122,200,0 183,121,307,210,0 349,112,487,205,0 460,33,640,228,1 94,65,207,212,1
ezgif-frame-181_jpg.rf.021b1cf3c7b12ff520258b308f94abf3.jpg 514,135,584,195,0 459,103,530,169,1 320,73,445,193,1 0,68,124,218,1 153,114,279,213,0
ezgif-frame-174_jpg.rf.c036d257d9318c3d110d3d4f6dacd2e7.jpg 1,56,120,242,1 336,79,460,201,1 474,107,554,145,1 151,119,272,191,0 514,139,581,195,0 471,139,507,182,0
ezgif-frame-144_jpg.rf.478d4e1147d86f32b1074907842fbd7f.jpg 484,61,640,236,1 108,74,196,215,1 368,128,490,192,0 202,128,304,195,0 62,140,129,195,0
ezgif-frame-096_jpg.rf.1cb1f6d908ee67fe554fe2da8f62d2e8.jpg 524,137,581,197,0 501,127,547,177,0 335,134,450,198,0 102,134,134,163,1 66,122,109,159,1 172,114,405,274,0 145,92,252,185,1 387,72,529,222,1
ezgif-frame-099_jpg.rf.d756c3ee0374c7bfbd4b9eb62fdddac3.jpg 62,138,121,198,0 91,132,124,186,0 193,136,303,196,0 501,130,537,170,0 227,108,470,282,0 529,119,575,168,1 368,87,492,179,1 108,71,263,194,1
ezgif-frame-177_jpg.rf.a06ce73dd4052c71d40d534a9287948d.jpg 519,138,585,197,0 460,104,553,156,1 318,76,450,201,1 159,118,278,199,0 1,57,132,221,1
ezgif-frame-172_jpg.rf.924a2d716463ec50007ac9347ff78a94.jpg 514,139,593,197,0 468,96,578,148,1 328,80,476,191,1 0,38,128,226,1 161,114,290,211,0 316,132,398,192,0
ezgif-frame-077_jpg.rf.155075f540c74ad0b3997aeb4ab73123.jpg 383,64,539,222,1 128,84,212,193,1 50,108,108,140,1 514,139,578,192,0 483,134,545,180,0 330,139,449,194,0 69,133,130,164,0 241,33,244,37,0 174,118,402,284,0
ezgif-frame-167_jpg.rf.40927ac7094c47539ff84ae1f5acc92b.jpg 519,143,581,193,0 478,125,527,181,0 497,96,587,151,1 326,134,409,195,0 155,113,281,198,0 0,57,174,242,1 347,77,489,205,1
ezgif-frame-150_jpg.rf.37bf15528127b863d9871c84d0207538.jpg 0,59,160,227,1 434,77,534,209,1 552,106,587,139,1 147,129,271,188,0 339,129,436,193,0 506,134,577,194,0
ezgif-frame-071_jpg.rf.4985492c40c2413ff1e39f0556c63db1.jpg 170,122,405,284,0 383,63,542,224,1 127,75,191,191,1 53,109,95,137,1 65,120,125,158,0 508,139,580,193,0 492,135,546,182,0 333,137,440,193,0
ezgif-frame-166_jpg.rf.5d2ca63ef085b30e184dbde74f882a22.jpg 519,134,582,196,0 500,100,597,153,1 328,135,415,190,0 156,118,284,192,0 356,77,499,209,1 1,64,162,227,1
ezgif-frame-073_jpg.rf.5b68e52acc4d6c1aca2c6d5f7a15bbe2.jpg 58,137,108,196,0 89,129,121,181,0 511,131,563,161,0 245,121,450,289,0 188,134,307,204,0 538,92,596,141,1 436,78,514,192,1 96,62,269,236,1
ezgif-frame-146_jpg.rf.5335ee7c6fe5210ab3a2b7e77818890c.jpg 482,55,640,234,1 369,127,490,188,0 203,127,310,192,0 61,137,129,190,0 116,76,199,212,1
ezgif-frame-148_jpg.rf.d2e0110fce360ade39fe1294b4173042.jpg 553,93,595,143,1 518,131,586,200,0 333,121,457,210,0 153,112,291,205,0 0,33,180,228,1 434,65,547,212,1
ezgif-frame-070_jpg.rf.7a25f181a9192114fe821fd6ff2d4620.jpg 102,61,257,220,1 450,77,508,189,1 558,104,585,131,1 240,122,464,284,0 514,124,574,163,0 59,138,131,191,0 98,135,143,180,0 204,137,306,194,0
ezgif-frame-173_jpg.rf.681fc0e2bfbf71af53017fea67c937e8.jpg 1,67,129,239,1 335,81,464,188,1 484,105,567,149,1 147,120,273,190,0 510,138,581,195,0 473,136,510,180,0
ezgif-frame-170_jpg.rf.db85485c77fea32946eaf14bc4b804dd.jpg 1,69,134,232,1 152,122,275,190,0 333,80,469,203,1 486,104,577,147,1 515,141,579,193,0 474,140,520,179,0
ezgif-frame-147_jpg.rf.4c7500b9a619e191654bba8025b19024.jpg 60,133,119,201,0 364,127,480,209,0 199,121,312,200,0 43,90,88,136,1 104,70,210,200,1 465,44,640,240,1
ezgif-frame-149_jpg.rf.2e73962e889ac0fafe5da56394be5bba.jpg 0,56,156,234,1 436,77,523,210,1 151,128,272,187,0 331,129,437,198,0 506,139,578,192,0 550,99,593,135,1
ezgif-frame-079_jpg.rf.4d2dfff9cf6b08bb2cee466cef03bdee.jpg 528,138,583,202,0 514,131,556,183,0 324,131,445,200,0 81,128,131,163,0 177,113,405,283,0 43,103,121,143,1 131,81,226,185,1 375,65,525,221,1
ezgif-frame-102_jpg.rf.66b680c06152e850451a4035782cfb55.jpg 60,140,116,193,0 89,130,134,181,0 188,136,307,196,0 505,131,538,166,0 359,96,477,173,1 533,116,577,162,1 230,109,474,284,0 114,74,228,214,1